8 8 1 32 256 50 1 5242880 20 4 6
8 8 2 32 1024 30 3 20971520 20 4 6
8 8 2 96 1024 50 1 1048576 20 4 6
8 8 2 128 256 256 4 52428800 20 4 6
8 8 2 224 1024 10 4 5242880 20 4 6
8 8 3 224 1024 30 2 20971520 20 4 6
8 8 4 160 256 256 3 5242880 20 4 6
8 8 4 224 1024 256 1 1048576 20 4 6
8 8 5 96 1024 30 2 20971520 20 4 6
8 8 5 128 1024 10 2 52428800 20 4 6
8 8 5 160 256 50 4 1048576 20 4 6
8 8 5 192 256 30 2 1048576 20 4 6
8 8 5 192 1024 50 2 1048576 20 4 6
8 12 3 64 256 50 3 2097152 20 4 6
8 12 4 64 256 10 4 20971520 20 4 6
8 12 4 96 256 10 3 1048576 20 4 6
8 12 4 192 256 10 3 52428800 20 4 6
8 12 4 192 256 30 1 2097152 20 4 6
8 12 4 192 256 50 2 20971520 20 4 6
8 12 4 256 1024 30 1 20971520 20 4 6
8 12 5 192 256 10 1 5242880 20 4 6
8 16 1 96 256 30 2 52428800 20 4 6
8 16 1 96 256 256 4 52428800 20 4 6
8 16 1 96 1024 256 1 10485760 20 4 6
8 16 1 128 256 256 2 5242880 20 4 6
8 16 2 32 256 10 4 52428800 20 4 6
8 16 2 64 1024 10 4 10485760 20 4 6
8 16 3 192 1024 256 2 1048576 20 4 6
8 16 3 224 1024 30 4 5242880 20 4 6
8 16 4 32 1024 256 2 52428800 20 4 6
8 16 4 64 256 50 4 10485760 20 4 6
8 20 2 64 256 10 3 52428800 20 4 6
8 20 2 224 256 256 4 2097152 20 4 6
8 20 3 192 1024 30 3 20971520 20 4 6
8 20 4 64 256 50 4 1048576 20 4 6
8 20 4 128 256 30 2 5242880 20 4 6
8 20 4 128 1024 256 1 52428800 20 4 6
8 20 4 160 1024 10 2 10485760 20 4 6
8 20 4 192 256 30 3 2097152 20 4 6
8 20 5 64 1024 10 2 5242880 20 4 6
8 24 1 192 256 256 1 10485760 20 4 6
8 24 2 256 1024 50 1 2097152 20 4 6
8 24 3 64 1024 30 2 10485760 20 4 6
8 24 3 160 1024 10 3 20971520 20 4 6
8 24 3 256 1024 30 3 20971520 20 4 6
8 24 4 96 256 30 1 5242880 20 4 6
8 24 4 192 1024 50 1 10485760 20 4 6
8 24 4 224 256 50 3 5242880 20 4 6
8 24 4 256 256 50 2 5242880 20 4 6
8 24 5 32 1024 256 4 5242880 20 4 6
8 24 5 64 1024 10 2 10485760 20 4 6
8 24 5 224 1024 30 4 20971520 20 4 6
8 24 5 224 1024 50 1 52428800 20 4 6
8 32 1 96 256 30 2 5242880 20 4 6
8 32 1 224 1024 10 2 20971520 20 4 6
8 32 2 32 256 10 1 52428800 20 4 6
8 32 2 32 1024 50 2 2097152 20 4 6
8 32 3 256 256 256 4 1048576 20 4 6
8 32 4 192 1024 256 2 52428800 20 4 6
8 32 4 224 1024 256 2 10485760 20 4 6
8 32 5 192 256 30 2 5242880 20 4 6
8 48 1 32 1024 256 1 10485760 20 4 6
8 48 1 224 256 256 1 20971520 20 4 6
8 48 3 96 256 10 1 52428800 20 4 6
8 48 3 160 1024 50 3 1048576 20 4 6
8 48 3 224 1024 10 4 5242880 20 4 6
8 48 4 96 256 30 3 5242880 20 4 6
8 48 4 192 256 30 4 1048576 20 4 6
8 48 5 32 1024 30 4 10485760 20 4 6
8 48 5 160 256 50 1 1048576 20 4 6
8 72 1 192 256 50 1 1048576 20 4 6
8 72 2 96 1024 50 2 52428800 20 4 6
8 72 3 160 256 10 1 5242880 20 4 6
8 72 4 96 1024 10 3 5242880 20 4 6
8 72 5 64 256 256 3 5242880 20 4 6
8 72 5 128 256 50 2 20971520 20 4 6
12 8 2 128 1024 256 2 5242880 20 4 6
12 8 2 224 256 50 1 2097152 20 4 6
12 8 3 160 256 256 3 2097152 20 4 6
12 8 3 224 256 10 2 52428800 20 4 6
12 8 4 128 1024 256 3 2097152 20 4 6
12 12 1 32 256 50 3 5242880 20 4 6
12 12 1 64 256 50 3 10485760 20 4 6
12 12 1 224 1024 30 4 52428800 20 4 6
12 12 2 32 256 50 4 5242880 20 4 6
12 12 2 192 1024 30 2 2097152 20 4 6
12 12 4 128 1024 256 2 1048576 20 4 6
12 12 4 256 256 30 1 10485760 20 4 6
12 12 4 256 1024 256 1 20971520 20 4 6
12 12 5 64 256 50 3 52428800 20 4 6
12 12 5 96 1024 50 2 52428800 20 4 6
12 12 5 128 1024 10 3 52428800 20 4 6
12 16 1 64 256 10 1 2097152 20 4 6
12 16 1 64 256 50 1 2097152 20 4 6
12 16 1 128 256 50 3 1048576 20 4 6
12 16 3 64 256 10 2 5242880 20 4 6
12 16 3 64 1024 256 4 10485760 20 4 6
12 20 1 64 256 256 3 10485760 20 4 6
12 20 1 64 256 256 3 20971520 20 4 6
12 20 1 64 256 256 4 2097152 20 4 6
12 20 1 96 256 50 3 52428800 20 4 6
12 20 1 96 1024 30 4 2097152 20 4 6
12 20 1 128 1024 256 1 10485760 20 4 6
12 20 1 256 256 256 4 1048576 20 4 6
12 20 2 32 1024 10 1 52428800 20 4 6
12 20 3 32 1024 30 1 52428800 20 4 6
12 20 5 64 256 50 1 5242880 20 4 6
12 20 5 128 1024 30 2 5242880 20 4 6
12 24 1 160 256 256 2 10485760 20 4 6
12 24 1 160 1024 10 1 10485760 20 4 6
12 24 1 192 1024 256 3 20971520 20 4 6
12 24 3 96 256 50 3 10485760 20 4 6
12 24 3 96 1024 256 1 1048576 20 4 6
12 24 4 96 256 30 2 20971520 20 4 6
12 24 4 160 256 30 1 52428800 20 4 6
12 24 5 32 256 30 1 52428800 20 4 6
12 32 1 32 256 50 2 1048576 20 4 6
12 32 2 128 256 256 3 20971520 20 4 6
12 32 2 224 1024 10 4 5242880 20 4 6
12 32 3 64 1024 30 2 1048576 20 4 6
12 32 3 160 256 50 4 20971520 20 4 6
12 32 5 32 1024 50 2 2097152 20 4 6
12 48 1 256 1024 256 4 10485760 20 4 6
12 48 2 64 1024 10 3 5242880 20 4 6
12 48 2 224 256 30 1 10485760 20 4 6
12 48 2 224 1024 256 4 1048576 20 4 6
12 48 3 96 1024 10 2 5242880 20 4 6
12 48 3 256 1024 256 3 52428800 20 4 6
12 48 4 32 256 30 3 5242880 20 4 6
12 48 4 64 1024 30 1 2097152 20 4 6
12 48 5 160 1024 50 4 2097152 20 4 6
12 48 5 192 1024 10 2 1048576 20 4 6
12 72 2 32 256 10 1 10485760 20 4 6
12 72 3 128 1024 256 2 20971520 20 4 6
12 72 3 192 256 30 1 10485760 20 4 6
12 72 3 256 256 50 3 1048576 20 4 6
12 72 4 160 1024 50 3 52428800 20 4 6
12 72 4 192 1024 30 3 10485760 20 4 6
12 72 5 32 1024 256 4 5242880 20 4 6
16 8 1 160 1024 50 3 1048576 20 4 6
16 8 3 256 256 256 1 5242880 20 4 6
16 12 1 192 1024 10 4 52428800 20 4 6
16 12 2 128 256 50 2 5242880 20 4 6
16 12 3 32 1024 30 1 1048576 20 4 6
16 12 3 160 1024 30 4 5242880 20 4 6
16 12 4 64 256 256 3 20971520 20 4 6
16 12 5 160 256 30 3 20971520 20 4 6
16 16 1 96 1024 256 2 10485760 20 4 6
16 16 1 128 256 10 1 5242880 20 4 6
16 16 2 256 256 30 3 1048576 20 4 6
16 16 5 64 1024 30 1 5242880 20 4 6
16 20 2 224 1024 256 4 2097152 20 4 6
16 20 3 192 1024 10 2 2097152 20 4 6
16 20 4 96 256 50 2 52428800 20 4 6
16 20 4 256 256 256 2 10485760 20 4 6
16 20 5 32 1024 50 3 52428800 20 4 6
16 20 5 128 1024 50 4 10485760 20 4 6
16 24 1 192 1024 50 1 20971520 20 4 6
16 24 3 128 256 30 4 20971520 20 4 6
16 24 4 96 1024 30 1 5242880 20 4 6
16 24 4 160 1024 50 1 52428800 20 4 6
16 24 5 64 256 256 4 52428800 20 4 6
16 24 5 256 256 10 2 20971520 20 4 6
16 32 1 32 256 30 4 1048576 20 4 6
16 32 1 192 256 256 1 10485760 20 4 6
16 32 1 224 1024 10 4 20971520 20 4 6
16 32 1 256 1024 50 3 20971520 20 4 6
16 32 2 64 256 30 1 5242880 20 4 6
16 32 2 192 1024 256 3 5242880 20 4 6
16 32 3 96 1024 10 2 5242880 20 4 6
16 32 3 128 256 50 3 10485760 20 4 6
16 32 3 128 1024 30 4 1048576 20 4 6
16 32 3 192 1024 10 3 5242880 20 4 6
16 32 4 32 1024 10 1 52428800 20 4 6
16 32 4 64 1024 256 1 52428800 20 4 6
16 32 4 96 256 256 3 1048576 20 4 6
16 32 4 160 256 30 1 5242880 20 4 6
16 32 5 96 1024 256 2 5242880 20 4 6
16 32 5 128 256 30 4 5242880 20 4 6
16 32 5 192 1024 30 4 52428800 20 4 6
16 32 5 224 256 50 3 52428800 20 4 6
16 48 1 160 256 30 2 10485760 20 4 6
16 48 1 192 1024 10 4 1048576 20 4 6
16 48 2 64 256 30 4 1048576 20 4 6
16 48 2 96 256 30 1 52428800 20 4 6
16 48 2 224 1024 30 1 2097152 20 4 6
16 48 4 32 256 10 4 5242880 20 4 6
16 48 5 32 1024 30 2 5242880 20 4 6
16 48 5 192 1024 10 3 20971520 20 4 6
16 48 5 224 256 50 4 10485760 20 4 6
16 72 1 96 256 10 2 5242880 20 4 6
16 72 1 128 1024 30 4 10485760 20 4 6
16 72 3 128 1024 256 2 5242880 20 4 6
16 72 4 96 1024 10 3 10485760 20 4 6
16 72 5 32 256 30 1 10485760 20 4 6
16 72 5 32 256 50 3 52428800 20 4 6
16 72 5 64 1024 30 4 10485760 20 4 6
20 8 1 32 1024 10 2 1048576 20 4 6
20 8 1 32 1024 10 4 52428800 20 4 6
20 8 1 96 1024 50 3 52428800 20 4 6
20 8 2 96 1024 10 3 5242880 20 4 6
20 8 2 224 1024 50 2 5242880 20 4 6
20 8 2 224 1024 256 3 5242880 20 4 6
20 8 3 64 1024 10 2 10485760 20 4 6
20 8 3 64 1024 50 4 2097152 20 4 6
20 8 3 224 1024 30 1 52428800 20 4 6
20 8 3 224 1024 30 3 5242880 20 4 6
20 8 4 192 1024 10 4 10485760 20 4 6
20 8 4 224 1024 256 2 10485760 20 4 6
20 8 5 128 256 50 1 1048576 20 4 6
20 12 1 128 1024 30 4 1048576 20 4 6
20 12 1 256 256 256 1 52428800 20 4 6
20 12 2 64 1024 30 3 5242880 20 4 6
20 12 2 192 1024 10 3 2097152 20 4 6
20 12 2 192 1024 256 1 5242880 20 4 6
20 12 3 64 256 30 1 5242880 20 4 6
20 12 3 192 256 50 2 10485760 20 4 6
20 12 3 192 256 256 3 52428800 20 4 6
20 12 3 192 1024 256 2 2097152 20 4 6
20 12 4 160 1024 10 4 52428800 20 4 6
20 12 5 128 256 10 4 10485760 20 4 6
20 12 5 160 256 30 2 20971520 20 4 6
20 16 1 32 1024 50 1 10485760 20 4 6
20 16 2 96 256 50 1 1048576 20 4 6
20 16 3 64 1024 30 4 1048576 20 4 6
20 16 4 32 256 50 3 20971520 20 4 6
20 16 4 32 256 256 1 10485760 20 4 6
20 16 4 64 256 10 4 5242880 20 4 6
20 16 4 64 256 10 4 20971520 20 4 6
20 16 4 64 1024 50 2 52428800 20 4 6
20 16 5 192 1024 10 4 1048576 20 4 6
20 20 1 128 1024 256 3 5242880 20 4 6
20 20 1 160 256 10 3 10485760 20 4 6
20 20 1 160 256 30 2 5242880 20 4 6
20 20 1 160 256 256 4 1048576 20 4 6
20 20 2 128 256 30 4 52428800 20 4 6
20 20 4 64 256 50 1 1048576 20 4 6
20 20 4 160 256 256 1 2097152 20 4 6
20 20 4 192 256 256 1 52428800 20 4 6
20 20 4 256 256 50 3 52428800 20 4 6
20 20 5 32 1024 10 3 1048576 20 4 6
20 20 5 192 256 10 2 10485760 20 4 6
20 20 5 192 1024 256 4 2097152 20 4 6
20 20 5 224 256 50 3 5242880 20 4 6
20 24 1 128 1024 50 4 20971520 20 4 6
20 24 1 256 1024 30 3 2097152 20 4 6
20 24 2 96 256 256 4 52428800 20 4 6
20 24 3 64 1024 30 1 5242880 20 4 6
20 24 3 160 256 30 1 10485760 20 4 6
20 24 3 192 256 30 2 10485760 20 4 6
20 24 3 256 1024 50 2 10485760 20 4 6
20 24 5 192 256 256 3 5242880 20 4 6
20 32 2 96 1024 50 3 5242880 20 4 6
20 32 2 224 256 10 1 1048576 20 4 6
20 32 2 256 256 50 1 5242880 20 4 6
20 32 3 96 1024 10 4 1048576 20 4 6
20 32 3 256 256 50 2 10485760 20 4 6
20 32 5 32 1024 10 2 2097152 20 4 6
20 32 5 192 256 256 2 2097152 20 4 6
20 48 1 192 1024 30 2 2097152 20 4 6
20 48 2 192 1024 50 3 20971520 20 4 6
20 48 4 64 1024 30 4 5242880 20 4 6
20 48 4 224 256 30 2 20971520 20 4 6
20 48 4 224 1024 30 2 52428800 20 4 6
20 48 5 32 1024 256 3 1048576 20 4 6
20 48 5 64 1024 50 4 52428800 20 4 6
20 48 5 128 256 50 2 2097152 20 4 6
20 48 5 192 256 30 3 52428800 20 4 6
20 48 5 224 256 30 4 52428800 20 4 6
20 72 2 160 1024 50 3 20971520 20 4 6
20 72 5 96 1024 256 1 2097152 20 4 6
20 72 5 192 1024 50 1 20971520 20 4 6
20 72 5 256 1024 10 2 5242880 20 4 6
20 72 5 256 1024 30 1 2097152 20 4 6
24 8 1 256 256 50 2 52428800 20 4 6
24 8 2 32 1024 50 4 1048576 20 4 6
24 8 2 224 256 30 2 52428800 20 4 6
24 8 3 128 1024 256 2 10485760 20 4 6
24 8 4 32 256 50 4 5242880 20 4 6
24 8 4 160 1024 50 4 52428800 20 4 6
24 8 4 256 1024 30 3 10485760 20 4 6
24 8 5 224 256 10 4 1048576 20 4 6
24 8 5 224 1024 50 4 10485760 20 4 6
24 12 1 32 256 256 4 10485760 20 4 6
24 12 3 32 1024 10 3 5242880 20 4 6
24 12 3 256 1024 256 3 10485760 20 4 6
24 12 4 256 1024 50 3 2097152 20 4 6
24 12 5 96 1024 256 4 10485760 20 4 6
24 12 5 256 256 10 1 1048576 20 4 6
24 16 2 64 256 256 3 5242880 20 4 6
24 16 2 128 256 30 3 20971520 20 4 6
24 16 2 192 1024 50 4 1048576 20 4 6
24 16 3 128 1024 30 1 2097152 20 4 6
24 16 3 160 1024 50 1 2097152 20 4 6
24 16 3 224 256 30 4 5242880 20 4 6
24 16 4 64 256 10 4 2097152 20 4 6
24 20 1 32 1024 256 4 1048576 20 4 6
24 20 1 256 256 256 2 2097152 20 4 6
24 20 2 64 1024 10 1 10485760 20 4 6
24 20 2 96 256 30 3 52428800 20 4 6
24 20 3 128 256 256 4 5242880 20 4 6
24 20 4 128 256 50 4 5242880 20 4 6
24 20 4 160 1024 256 1 52428800 20 4 6
24 20 5 256 256 256 1 10485760 20 4 6
24 20 5 256 1024 50 4 20971520 20 4 6
24 24 1 96 1024 10 1 1048576 20 4 6
24 24 1 192 256 50 1 5242880 20 4 6
24 24 2 32 1024 10 2 52428800 20 4 6
24 24 2 96 256 10 3 52428800 20 4 6
24 24 2 224 1024 256 2 52428800 20 4 6
24 24 3 64 1024 10 4 1048576 20 4 6
24 24 3 128 256 10 4 2097152 20 4 6
24 24 3 128 256 50 3 1048576 20 4 6
24 24 3 160 1024 10 1 5242880 20 4 6
24 24 4 128 256 10 4 20971520 20 4 6
24 24 4 160 256 30 1 20971520 20 4 6
24 24 4 160 1024 10 2 10485760 20 4 6
24 24 5 160 256 256 2 1048576 20 4 6
24 32 1 32 1024 50 4 52428800 20 4 6
24 32 1 96 1024 30 4 52428800 20 4 6
24 32 1 96 1024 256 2 52428800 20 4 6
24 32 1 160 1024 50 1 1048576 20 4 6
24 32 1 256 256 30 1 1048576 20 4 6
24 32 2 192 1024 256 1 10485760 20 4 6
24 32 4 64 256 50 2 1048576 20 4 6
24 32 4 224 1024 10 4 1048576 20 4 6
24 32 4 256 1024 50 3 20971520 20 4 6
24 32 5 96 256 10 3 2097152 20 4 6
24 32 5 192 1024 10 4 10485760 20 4 6
24 48 2 96 1024 10 3 52428800 20 4 6
24 48 2 192 1024 10 4 5242880 20 4 6
24 48 3 160 1024 30 1 10485760 20 4 6
24 48 3 160 1024 256 2 2097152 20 4 6
24 48 4 64 1024 50 3 1048576 20 4 6
24 48 4 96 1024 10 2 20971520 20 4 6
24 48 4 192 1024 30 2 1048576 20 4 6
24 48 5 64 1024 50 4 20971520 20 4 6
24 48 5 128 1024 50 2 1048576 20 4 6
24 48 5 224 256 10 2 1048576 20 4 6
24 72 1 128 256 10 3 10485760 20 4 6
24 72 3 128 1024 10 3 10485760 20 4 6
24 72 4 32 1024 30 3 2097152 20 4 6
24 72 4 96 1024 10 3 52428800 20 4 6
24 72 4 128 256 30 4 2097152 20 4 6
24 72 4 160 256 256 4 1048576 20 4 6
24 72 4 256 256 50 1 5242880 20 4 6
24 72 5 32 1024 256 2 2097152 20 4 6
24 72 5 96 256 10 4 10485760 20 4 6
24 72 5 96 1024 10 3 20971520 20 4 6
24 72 5 96 1024 30 2 1048576 20 4 6
32 8 1 192 256 50 4 1048576 20 4 6
32 8 2 64 1024 50 4 10485760 20 4 6
32 8 2 192 256 10 4 2097152 20 4 6
32 8 3 256 1024 256 4 52428800 20 4 6
32 8 4 128 1024 256 4 1048576 20 4 6
32 8 5 160 256 50 1 10485760 20 4 6
32 12 1 96 1024 10 3 1048576 20 4 6
32 12 1 96 1024 30 2 52428800 20 4 6
32 12 1 96 1024 30 3 1048576 20 4 6
32 12 2 64 1024 256 1 2097152 20 4 6
32 12 3 224 256 50 2 52428800 20 4 6
32 12 4 160 1024 30 1 20971520 20 4 6
32 12 4 192 256 30 4 52428800 20 4 6
32 12 5 160 256 10 4 1048576 20 4 6
32 16 2 256 256 10 2 20971520 20 4 6
32 16 4 96 1024 30 3 20971520 20 4 6
32 16 4 192 1024 256 1 2097152 20 4 6
32 16 5 224 256 30 1 1048576 20 4 6
32 16 5 224 1024 50 1 5242880 20 4 6
32 20 1 32 1024 50 2 10485760 20 4 6
32 20 2 96 256 30 3 1048576 20 4 6
32 20 2 160 1024 30 1 2097152 20 4 6
32 20 3 64 256 256 4 5242880 20 4 6
32 20 3 128 256 30 3 2097152 20 4 6
32 20 3 256 1024 30 3 20971520 20 4 6
32 20 4 32 256 30 1 52428800 20 4 6
32 20 4 64 1024 50 2 1048576 20 4 6
32 20 4 96 1024 30 1 10485760 20 4 6
32 20 4 224 256 256 1 2097152 20 4 6
32 24 1 64 256 30 3 1048576 20 4 6
32 24 1 256 1024 30 4 5242880 20 4 6
32 24 3 256 256 30 1 1048576 20 4 6
32 24 4 32 256 30 1 5242880 20 4 6
32 24 4 224 1024 30 1 52428800 20 4 6
32 24 4 256 256 10 1 1048576 20 4 6
32 32 1 64 1024 30 1 2097152 20 4 6
32 32 1 256 1024 50 3 5242880 20 4 6
32 32 2 128 256 256 3 1048576 20 4 6
32 32 2 160 1024 50 4 20971520 20 4 6
32 32 2 224 256 30 2 1048576 20 4 6
32 32 2 224 1024 10 2 5242880 20 4 6
32 32 3 128 256 50 4 10485760 20 4 6
32 32 3 224 1024 10 4 20971520 20 4 6
32 32 3 224 1024 50 2 1048576 20 4 6
32 32 4 96 256 10 3 1048576 20 4 6
32 32 4 96 1024 50 2 20971520 20 4 6
32 32 4 160 256 30 1 52428800 20 4 6
32 32 4 192 256 10 4 2097152 20 4 6
32 48 2 160 1024 50 2 52428800 20 4 6
32 48 3 160 256 256 3 1048576 20 4 6
32 48 4 160 256 30 2 2097152 20 4 6
32 48 4 224 256 30 3 10485760 20 4 6
32 48 5 160 256 50 1 1048576 20 4 6
32 48 5 192 256 256 4 10485760 20 4 6
32 72 1 160 1024 50 1 5242880 20 4 6
32 72 1 256 1024 50 3 5242880 20 4 6
32 72 2 64 1024 50 4 2097152 20 4 6
32 72 2 192 256 10 3 2097152 20 4 6
32 72 4 32 256 10 4 20971520 20 4 6
32 72 4 32 1024 10 4 10485760 20 4 6
32 72 4 64 256 30 4 20971520 20 4 6
32 72 4 64 1024 30 3 1048576 20 4 6
32 72 4 64 1024 30 4 20971520 20 4 6
32 72 4 192 256 30 2 20971520 20 4 6
32 72 5 128 1024 10 2 52428800 20 4 6
32 72 5 224 256 10 3 10485760 20 4 6
32 72 5 256 1024 50 1 20971520 20 4 6
48 8 1 32 256 50 4 20971520 20 4 6
48 8 2 64 1024 50 1 2097152 20 4 6
48 8 3 128 256 30 2 20971520 20 4 6
48 8 3 160 256 50 2 52428800 20 4 6
48 8 3 224 1024 30 1 10485760 20 4 6
48 8 4 256 256 50 4 20971520 20 4 6
48 8 4 256 1024 10 4 52428800 20 4 6
48 8 5 96 256 10 2 5242880 20 4 6
48 8 5 160 256 256 2 10485760 20 4 6
48 12 1 224 256 10 1 52428800 20 4 6
48 12 3 224 1024 30 4 10485760 20 4 6
48 12 5 128 1024 30 1 20971520 20 4 6
48 12 5 128 1024 256 1 20971520 20 4 6
48 12 5 160 256 256 1 20971520 20 4 6
48 12 5 224 256 30 2 10485760 20 4 6
48 12 5 224 1024 10 3 52428800 20 4 6
48 12 5 224 1024 30 1 2097152 20 4 6
48 12 5 256 1024 30 3 10485760 20 4 6
48 16 1 224 256 256 2 52428800 20 4 6
48 16 1 224 1024 256 1 10485760 20 4 6
48 16 3 160 256 50 4 52428800 20 4 6
48 16 4 160 1024 50 2 20971520 20 4 6
48 16 4 192 256 256 2 20971520 20 4 6
48 16 5 224 256 30 2 52428800 20 4 6
48 20 1 64 1024 256 4 5242880 20 4 6
48 20 1 128 256 10 4 52428800 20 4 6
48 20 1 128 256 256 2 2097152 20 4 6
48 20 1 256 1024 10 1 2097152 20 4 6
48 20 2 64 1024 30 1 10485760 20 4 6
48 20 3 128 256 30 2 1048576 20 4 6
48 20 3 160 256 30 3 10485760 20 4 6
48 20 3 224 256 50 4 1048576 20 4 6
48 20 3 224 1024 50 3 20971520 20 4 6
48 20 4 32 1024 10 1 10485760 20 4 6
48 20 4 192 1024 256 4 52428800 20 4 6
48 24 1 256 1024 50 4 10485760 20 4 6
48 24 2 128 1024 50 2 5242880 20 4 6
48 24 2 224 256 10 3 20971520 20 4 6
48 24 3 64 1024 10 2 52428800 20 4 6
48 24 3 128 1024 50 1 1048576 20 4 6
48 24 3 224 1024 10 2 5242880 20 4 6
48 24 4 64 256 10 4 52428800 20 4 6
48 24 5 32 1024 10 1 5242880 20 4 6
48 24 5 160 256 256 4 5242880 20 4 6
48 32 1 32 1024 30 3 2097152 20 4 6
48 32 1 64 1024 256 4 1048576 20 4 6
48 32 2 64 1024 256 4 10485760 20 4 6
48 32 2 256 256 256 3 10485760 20 4 6
48 32 3 32 1024 50 4 10485760 20 4 6
48 32 3 128 1024 30 3 5242880 20 4 6
48 32 3 160 1024 10 4 10485760 20 4 6
48 32 4 32 1024 256 4 10485760 20 4 6
48 32 5 192 256 30 3 20971520 20 4 6
48 48 1 64 1024 50 4 1048576 20 4 6
48 48 1 96 256 256 3 1048576 20 4 6
48 48 1 192 1024 10 4 20971520 20 4 6
48 48 2 192 1024 256 3 1048576 20 4 6
48 48 3 192 256 256 3 52428800 20 4 6
48 48 4 64 1024 50 3 20971520 20 4 6
48 48 4 160 256 256 1 10485760 20 4 6
48 48 5 64 1024 256 1 20971520 20 4 6
48 48 5 128 1024 10 2 20971520 20 4 6
48 72 1 32 256 50 4 52428800 20 4 6
48 72 1 32 1024 10 4 52428800 20 4 6
48 72 1 32 1024 256 4 10485760 20 4 6
48 72 2 224 1024 50 3 52428800 20 4 6
48 72 3 224 1024 10 3 10485760 20 4 6
48 72 3 256 1024 256 2 10485760 20 4 6
48 72 4 96 1024 10 4 1048576 20 4 6
48 72 4 128 1024 50 3 20971520 20 4 6
48 72 4 256 256 10 1 2097152 20 4 6
48 72 5 64 256 256 3 1048576 20 4 6
72 8 1 96 1024 10 3 1048576 20 4 6
72 8 2 64 256 50 2 1048576 20 4 6
72 8 2 64 256 256 1 2097152 20 4 6
72 8 2 128 256 30 2 52428800 20 4 6
72 8 2 128 256 50 3 1048576 20 4 6
72 8 2 160 256 50 2 20971520 20 4 6
72 8 3 96 256 30 1 2097152 20 4 6
72 8 4 256 1024 10 3 2097152 20 4 6
72 8 5 160 1024 50 1 2097152 20 4 6
72 8 5 224 256 30 3 52428800 20 4 6
72 12 1 192 256 256 2 20971520 20 4 6
72 12 2 32 256 50 1 52428800 20 4 6
72 12 2 160 256 30 2 2097152 20 4 6
72 12 3 160 256 30 3 20971520 20 4 6
72 12 3 256 1024 256 3 2097152 20 4 6
72 12 5 64 256 10 4 1048576 20 4 6
72 12 5 192 1024 10 4 1048576 20 4 6
72 16 2 128 256 30 1 1048576 20 4 6
72 16 2 160 256 50 2 1048576 20 4 6
72 16 2 256 256 10 2 5242880 20 4 6
72 16 3 96 1024 256 3 20971520 20 4 6
72 16 4 96 1024 50 1 20971520 20 4 6
72 16 4 224 1024 50 2 5242880 20 4 6
72 20 1 128 1024 10 3 52428800 20 4 6
72 20 1 256 256 30 4 20971520 20 4 6
72 20 2 32 1024 30 1 5242880 20 4 6
72 20 2 64 256 256 2 10485760 20 4 6
72 20 2 192 1024 10 2 5242880 20 4 6
72 20 2 256 256 50 3 20971520 20 4 6
72 20 3 32 256 10 2 52428800 20 4 6
72 20 3 32 1024 50 3 1048576 20 4 6
72 20 3 192 1024 50 1 1048576 20 4 6
72 20 5 64 256 30 1 2097152 20 4 6
72 20 5 256 256 10 1 52428800 20 4 6
72 24 1 192 256 10 4 5242880 20 4 6
72 24 2 32 256 30 4 1048576 20 4 6
72 24 2 64 256 10 1 52428800 20 4 6
72 24 2 224 256 10 4 1048576 20 4 6
72 24 3 96 256 50 2 10485760 20 4 6
72 24 3 224 1024 256 3 20971520 20 4 6
72 24 4 64 256 256 4 1048576 20 4 6
72 24 4 160 1024 10 4 20971520 20 4 6
72 24 4 160 1024 50 4 5242880 20 4 6
72 24 4 192 1024 10 4 5242880 20 4 6
72 24 5 128 256 256 2 20971520 20 4 6
72 32 1 32 256 50 2 1048576 20 4 6
72 32 1 256 1024 50 4 5242880 20 4 6
72 32 2 32 256 30 3 1048576 20 4 6
72 32 3 64 1024 50 4 2097152 20 4 6
72 32 3 128 256 30 1 1048576 20 4 6
72 32 3 160 1024 30 4 10485760 20 4 6
72 32 4 32 1024 30 4 20971520 20 4 6
72 32 4 64 1024 50 2 52428800 20 4 6
72 32 4 96 256 256 2 2097152 20 4 6
72 32 4 192 256 10 4 1048576 20 4 6
72 32 5 32 1024 30 4 20971520 20 4 6
72 32 5 32 1024 256 3 52428800 20 4 6
72 32 5 256 1024 256 4 1048576 20 4 6
72 48 1 32 256 50 4 20971520 20 4 6
72 48 1 96 256 50 4 5242880 20 4 6
72 48 1 128 1024 30 4 5242880 20 4 6
72 48 1 192 256 10 1 10485760 20 4 6
72 48 1 192 1024 50 1 2097152 20 4 6
72 48 2 64 256 256 1 10485760 20 4 6
72 48 2 64 1024 50 2 1048576 20 4 6
72 48 2 128 256 10 3 5242880 20 4 6
72 48 3 32 1024 30 3 2097152 20 4 6
72 48 3 96 256 10 1 2097152 20 4 6
72 48 3 96 1024 50 1 2097152 20 4 6
72 48 3 256 1024 30 3 52428800 20 4 6
72 48 4 32 1024 30 4 10485760 20 4 6
72 48 4 96 256 30 1 2097152 20 4 6
72 48 5 64 256 30 2 5242880 20 4 6
72 48 5 160 1024 10 1 1048576 20 4 6
72 48 5 256 256 10 1 10485760 20 4 6
72 72 1 64 1024 50 3 10485760 20 4 6
72 72 1 160 1024 50 2 20971520 20 4 6
72 72 1 224 256 50 1 52428800 20 4 6
72 72 2 96 1024 256 4 52428800 20 4 6
72 72 2 256 1024 256 4 10485760 20 4 6
72 72 3 96 256 256 2 2097152 20 4 6
72 72 3 128 256 10 1 10485760 20 4 6
72 72 3 160 256 30 3 5242880 20 4 6
72 72 4 64 1024 50 4 1048576 20 4 6
72 72 5 32 1024 10 4 1048576 20 4 6
72 72 5 192 256 30 2 1048576 20 4 6
72 72 5 224 256 256 4 2097152 20 4 6
