8 8 1 32 256 10 1 1048576 20 4 6
8 8 1 32 256 10 1 5242880 20 4 6
8 8 1 32 256 10 2 1048576 20 4 6
8 8 1 32 256 10 2 5242880 20 4 6
8 8 1 32 256 10 3 1048576 20 4 6
8 8 1 32 256 10 3 5242880 20 4 6
8 8 1 32 256 10 4 1048576 20 4 6
8 8 1 32 256 10 4 5242880 20 4 6
8 8 1 32 256 50 1 1048576 20 4 6
8 8 1 32 256 50 1 5242880 20 4 6
8 8 1 32 256 50 2 1048576 20 4 6
8 8 1 32 256 50 2 5242880 20 4 6
8 8 1 32 256 50 3 1048576 20 4 6
8 8 1 32 256 50 3 5242880 20 4 6
8 8 1 32 256 50 4 1048576 20 4 6
8 8 1 32 256 50 4 5242880 20 4 6
8 8 1 32 256 256 1 1048576 20 4 6
8 8 1 32 256 256 1 5242880 20 4 6
8 8 1 32 256 256 2 1048576 20 4 6
8 8 1 32 256 256 2 5242880 20 4 6
8 8 1 32 256 256 3 1048576 20 4 6
8 8 1 32 256 256 3 5242880 20 4 6
8 8 1 32 256 256 4 1048576 20 4 6
8 8 1 32 256 256 4 5242880 20 4 6
8 8 1 32 1024 10 1 1048576 20 4 6
8 8 1 32 1024 10 1 5242880 20 4 6
8 8 1 32 1024 10 2 1048576 20 4 6
8 8 1 32 1024 10 2 5242880 20 4 6
8 8 1 32 1024 10 3 1048576 20 4 6
8 8 1 32 1024 10 3 5242880 20 4 6
8 8 1 32 1024 10 4 1048576 20 4 6
8 8 1 32 1024 10 4 5242880 20 4 6
8 8 1 32 1024 50 1 1048576 20 4 6
8 8 1 32 1024 50 1 5242880 20 4 6
8 8 1 32 1024 50 2 1048576 20 4 6
8 8 1 32 1024 50 2 5242880 20 4 6
8 8 1 32 1024 50 3 1048576 20 4 6
8 8 1 32 1024 50 3 5242880 20 4 6
8 8 1 32 1024 50 4 1048576 20 4 6
8 8 1 32 1024 50 4 5242880 20 4 6
8 8 1 32 1024 256 1 1048576 20 4 6
8 8 1 32 1024 256 1 5242880 20 4 6
8 8 1 32 1024 256 2 1048576 20 4 6
8 8 1 32 1024 256 2 5242880 20 4 6
8 8 1 32 1024 256 3 1048576 20 4 6
8 8 1 32 1024 256 3 5242880 20 4 6
8 8 1 32 1024 256 4 1048576 20 4 6
8 8 1 32 1024 256 4 5242880 20 4 6
8 8 1 96 256 10 1 1048576 20 4 6
8 8 1 96 256 10 1 5242880 20 4 6
8 8 1 96 256 10 2 1048576 20 4 6
8 8 1 96 256 10 2 5242880 20 4 6
8 8 1 96 256 10 3 1048576 20 4 6
8 8 1 96 256 10 3 5242880 20 4 6
8 8 1 96 256 10 4 1048576 20 4 6
8 8 1 96 256 10 4 5242880 20 4 6
8 8 1 96 256 50 1 1048576 20 4 6
8 8 1 96 256 50 1 5242880 20 4 6
8 8 1 96 256 50 2 1048576 20 4 6
8 8 1 96 256 50 2 5242880 20 4 6
8 8 1 96 256 50 3 1048576 20 4 6
8 8 1 96 256 50 3 5242880 20 4 6
8 8 1 96 256 50 4 1048576 20 4 6
8 8 1 96 256 50 4 5242880 20 4 6
8 8 1 96 256 256 1 1048576 20 4 6
8 8 1 96 256 256 1 5242880 20 4 6
8 8 1 96 256 256 2 1048576 20 4 6
8 8 1 96 256 256 2 5242880 20 4 6
8 8 1 96 256 256 3 1048576 20 4 6
8 8 1 96 256 256 3 5242880 20 4 6
8 8 1 96 256 256 4 1048576 20 4 6
8 8 1 96 256 256 4 5242880 20 4 6
8 8 1 96 1024 10 1 1048576 20 4 6
8 8 1 96 1024 10 1 5242880 20 4 6
8 8 1 96 1024 10 2 1048576 20 4 6
8 8 1 96 1024 10 2 5242880 20 4 6
8 8 1 96 1024 10 3 1048576 20 4 6
8 8 1 96 1024 10 3 5242880 20 4 6
8 8 1 96 1024 10 4 1048576 20 4 6
8 8 1 96 1024 10 4 5242880 20 4 6
8 8 1 96 1024 50 1 1048576 20 4 6
8 8 1 96 1024 50 1 5242880 20 4 6
8 8 1 96 1024 50 2 1048576 20 4 6
8 8 1 96 1024 50 2 5242880 20 4 6
8 8 1 96 1024 50 3 1048576 20 4 6
8 8 1 96 1024 50 3 5242880 20 4 6
8 8 1 96 1024 50 4 1048576 20 4 6
8 8 1 96 1024 50 4 5242880 20 4 6
8 8 1 96 1024 256 1 1048576 20 4 6
8 8 1 96 1024 256 1 5242880 20 4 6
8 8 1 96 1024 256 2 1048576 20 4 6
8 8 1 96 1024 256 2 5242880 20 4 6
8 8 1 96 1024 256 3 1048576 20 4 6
8 8 1 96 1024 256 3 5242880 20 4 6
8 8 1 96 1024 256 4 1048576 20 4 6
8 8 1 96 1024 256 4 5242880 20 4 6
8 8 3 32 256 10 1 1048576 20 4 6
8 8 3 32 256 10 1 5242880 20 4 6
8 8 3 32 256 10 2 1048576 20 4 6
8 8 3 32 256 10 2 5242880 20 4 6
8 8 3 32 256 10 3 1048576 20 4 6
8 8 3 32 256 10 3 5242880 20 4 6
8 8 3 32 256 10 4 1048576 20 4 6
8 8 3 32 256 10 4 5242880 20 4 6
8 8 3 32 256 50 1 1048576 20 4 6
8 8 3 32 256 50 1 5242880 20 4 6
8 8 3 32 256 50 2 1048576 20 4 6
8 8 3 32 256 50 2 5242880 20 4 6
8 8 3 32 256 50 3 1048576 20 4 6
8 8 3 32 256 50 3 5242880 20 4 6
8 8 3 32 256 50 4 1048576 20 4 6
8 8 3 32 256 50 4 5242880 20 4 6
8 8 3 32 256 256 1 1048576 20 4 6
8 8 3 32 256 256 1 5242880 20 4 6
8 8 3 32 256 256 2 1048576 20 4 6
8 8 3 32 256 256 2 5242880 20 4 6
8 8 3 32 256 256 3 1048576 20 4 6
8 8 3 32 256 256 3 5242880 20 4 6
8 8 3 32 256 256 4 1048576 20 4 6
8 8 3 32 256 256 4 5242880 20 4 6
8 8 3 32 1024 10 1 1048576 20 4 6
8 8 3 32 1024 10 1 5242880 20 4 6
8 8 3 32 1024 10 2 1048576 20 4 6
8 8 3 32 1024 10 2 5242880 20 4 6
8 8 3 32 1024 10 3 1048576 20 4 6
8 8 3 32 1024 10 3 5242880 20 4 6
8 8 3 32 1024 10 4 1048576 20 4 6
8 8 3 32 1024 10 4 5242880 20 4 6
8 8 3 32 1024 50 1 1048576 20 4 6
8 8 3 32 1024 50 1 5242880 20 4 6
8 8 3 32 1024 50 2 1048576 20 4 6
8 8 3 32 1024 50 2 5242880 20 4 6
8 8 3 32 1024 50 3 1048576 20 4 6
8 8 3 32 1024 50 3 5242880 20 4 6
8 8 3 32 1024 50 4 1048576 20 4 6
8 8 3 32 1024 50 4 5242880 20 4 6
8 8 3 32 1024 256 1 1048576 20 4 6
8 8 3 32 1024 256 1 5242880 20 4 6
8 8 3 32 1024 256 2 1048576 20 4 6
8 8 3 32 1024 256 2 5242880 20 4 6
8 8 3 32 1024 256 3 1048576 20 4 6
8 8 3 32 1024 256 3 5242880 20 4 6
8 8 3 32 1024 256 4 1048576 20 4 6
8 8 3 32 1024 256 4 5242880 20 4 6
8 8 3 96 256 10 1 1048576 20 4 6
8 8 3 96 256 10 1 5242880 20 4 6
8 8 3 96 256 10 2 1048576 20 4 6
8 8 3 96 256 10 2 5242880 20 4 6
8 8 3 96 256 10 3 1048576 20 4 6
8 8 3 96 256 10 3 5242880 20 4 6
8 8 3 96 256 10 4 1048576 20 4 6
8 8 3 96 256 10 4 5242880 20 4 6
8 8 3 96 256 50 1 1048576 20 4 6
8 8 3 96 256 50 1 5242880 20 4 6
8 8 3 96 256 50 2 1048576 20 4 6
8 8 3 96 256 50 2 5242880 20 4 6
8 8 3 96 256 50 3 1048576 20 4 6
8 8 3 96 256 50 3 5242880 20 4 6
8 8 3 96 256 50 4 1048576 20 4 6
8 8 3 96 256 50 4 5242880 20 4 6
8 8 3 96 256 256 1 1048576 20 4 6
8 8 3 96 256 256 1 5242880 20 4 6
8 8 3 96 256 256 2 1048576 20 4 6
8 8 3 96 256 256 2 5242880 20 4 6
8 8 3 96 256 256 3 1048576 20 4 6
8 8 3 96 256 256 3 5242880 20 4 6
8 8 3 96 256 256 4 1048576 20 4 6
8 8 3 96 256 256 4 5242880 20 4 6
8 8 3 96 1024 10 1 1048576 20 4 6
8 8 3 96 1024 10 1 5242880 20 4 6
8 8 3 96 1024 10 2 1048576 20 4 6
8 8 3 96 1024 10 2 5242880 20 4 6
8 8 3 96 1024 10 3 1048576 20 4 6
8 8 3 96 1024 10 3 5242880 20 4 6
8 8 3 96 1024 10 4 1048576 20 4 6
8 8 3 96 1024 10 4 5242880 20 4 6
8 8 3 96 1024 50 1 1048576 20 4 6
8 8 3 96 1024 50 1 5242880 20 4 6
8 8 3 96 1024 50 2 1048576 20 4 6
8 8 3 96 1024 50 2 5242880 20 4 6
8 8 3 96 1024 50 3 1048576 20 4 6
8 8 3 96 1024 50 3 5242880 20 4 6
8 8 3 96 1024 50 4 1048576 20 4 6
8 8 3 96 1024 50 4 5242880 20 4 6
8 8 3 96 1024 256 1 1048576 20 4 6
8 8 3 96 1024 256 1 5242880 20 4 6
8 8 3 96 1024 256 2 1048576 20 4 6
8 8 3 96 1024 256 2 5242880 20 4 6
8 8 3 96 1024 256 3 1048576 20 4 6
8 8 3 96 1024 256 3 5242880 20 4 6
8 8 3 96 1024 256 4 1048576 20 4 6
8 8 3 96 1024 256 4 5242880 20 4 6
8 8 5 32 256 10 1 1048576 20 4 6
8 8 5 32 256 10 1 5242880 20 4 6
8 8 5 32 256 10 2 1048576 20 4 6
8 8 5 32 256 10 2 5242880 20 4 6
8 8 5 32 256 10 3 1048576 20 4 6
8 8 5 32 256 10 3 5242880 20 4 6
8 8 5 32 256 10 4 1048576 20 4 6
8 8 5 32 256 10 4 5242880 20 4 6
8 8 5 32 256 50 1 1048576 20 4 6
8 8 5 32 256 50 1 5242880 20 4 6
8 8 5 32 256 50 2 1048576 20 4 6
8 8 5 32 256 50 2 5242880 20 4 6
8 8 5 32 256 50 3 1048576 20 4 6
8 8 5 32 256 50 3 5242880 20 4 6
8 8 5 32 256 50 4 1048576 20 4 6
8 8 5 32 256 50 4 5242880 20 4 6
8 8 5 32 256 256 1 1048576 20 4 6
8 8 5 32 256 256 1 5242880 20 4 6
8 8 5 32 256 256 2 1048576 20 4 6
8 8 5 32 256 256 2 5242880 20 4 6
8 8 5 32 256 256 3 1048576 20 4 6
8 8 5 32 256 256 3 5242880 20 4 6
8 8 5 32 256 256 4 1048576 20 4 6
8 8 5 32 256 256 4 5242880 20 4 6
8 8 5 32 1024 10 1 1048576 20 4 6
8 8 5 32 1024 10 1 5242880 20 4 6
8 8 5 32 1024 10 2 1048576 20 4 6
8 8 5 32 1024 10 2 5242880 20 4 6
8 8 5 32 1024 10 3 1048576 20 4 6
8 8 5 32 1024 10 3 5242880 20 4 6
8 8 5 32 1024 10 4 1048576 20 4 6
8 8 5 32 1024 10 4 5242880 20 4 6
8 8 5 32 1024 50 1 1048576 20 4 6
8 8 5 32 1024 50 1 5242880 20 4 6
8 8 5 32 1024 50 2 1048576 20 4 6
8 8 5 32 1024 50 2 5242880 20 4 6
8 8 5 32 1024 50 3 1048576 20 4 6
8 8 5 32 1024 50 3 5242880 20 4 6
8 8 5 32 1024 50 4 1048576 20 4 6
8 8 5 32 1024 50 4 5242880 20 4 6
8 8 5 32 1024 256 1 1048576 20 4 6
8 8 5 32 1024 256 1 5242880 20 4 6
8 8 5 32 1024 256 2 1048576 20 4 6
8 8 5 32 1024 256 2 5242880 20 4 6
8 8 5 32 1024 256 3 1048576 20 4 6
8 8 5 32 1024 256 3 5242880 20 4 6
8 8 5 32 1024 256 4 1048576 20 4 6
8 8 5 32 1024 256 4 5242880 20 4 6
8 8 5 96 256 10 1 1048576 20 4 6
8 8 5 96 256 10 1 5242880 20 4 6
8 8 5 96 256 10 2 1048576 20 4 6
8 8 5 96 256 10 2 5242880 20 4 6
8 8 5 96 256 10 3 1048576 20 4 6
8 8 5 96 256 10 3 5242880 20 4 6
8 8 5 96 256 10 4 1048576 20 4 6
8 8 5 96 256 10 4 5242880 20 4 6
8 8 5 96 256 50 1 1048576 20 4 6
8 8 5 96 256 50 1 5242880 20 4 6
8 8 5 96 256 50 2 1048576 20 4 6
8 8 5 96 256 50 2 5242880 20 4 6
8 8 5 96 256 50 3 1048576 20 4 6
8 8 5 96 256 50 3 5242880 20 4 6
8 8 5 96 256 50 4 1048576 20 4 6
8 8 5 96 256 50 4 5242880 20 4 6
8 8 5 96 256 256 1 1048576 20 4 6
8 8 5 96 256 256 1 5242880 20 4 6
8 8 5 96 256 256 2 1048576 20 4 6
8 8 5 96 256 256 2 5242880 20 4 6
8 8 5 96 256 256 3 1048576 20 4 6
8 8 5 96 256 256 3 5242880 20 4 6
8 8 5 96 256 256 4 1048576 20 4 6
8 8 5 96 256 256 4 5242880 20 4 6
8 8 5 96 1024 10 1 1048576 20 4 6
8 8 5 96 1024 10 1 5242880 20 4 6
8 8 5 96 1024 10 2 1048576 20 4 6
8 8 5 96 1024 10 2 5242880 20 4 6
8 8 5 96 1024 10 3 1048576 20 4 6
8 8 5 96 1024 10 3 5242880 20 4 6
8 8 5 96 1024 10 4 1048576 20 4 6
8 8 5 96 1024 10 4 5242880 20 4 6
8 8 5 96 1024 50 1 1048576 20 4 6
8 8 5 96 1024 50 1 5242880 20 4 6
8 8 5 96 1024 50 2 1048576 20 4 6
8 8 5 96 1024 50 2 5242880 20 4 6
8 8 5 96 1024 50 3 1048576 20 4 6
8 8 5 96 1024 50 3 5242880 20 4 6
8 8 5 96 1024 50 4 1048576 20 4 6
8 8 5 96 1024 50 4 5242880 20 4 6
8 8 5 96 1024 256 1 1048576 20 4 6
8 8 5 96 1024 256 1 5242880 20 4 6
8 8 5 96 1024 256 2 1048576 20 4 6
8 8 5 96 1024 256 2 5242880 20 4 6
8 8 5 96 1024 256 3 1048576 20 4 6
8 8 5 96 1024 256 3 5242880 20 4 6
8 8 5 96 1024 256 4 1048576 20 4 6
8 8 5 96 1024 256 4 5242880 20 4 6
8 24 1 32 256 10 1 1048576 20 4 6
8 24 1 32 256 10 1 5242880 20 4 6
8 24 1 32 256 10 2 1048576 20 4 6
8 24 1 32 256 10 2 5242880 20 4 6
8 24 1 32 256 10 3 1048576 20 4 6
8 24 1 32 256 10 3 5242880 20 4 6
8 24 1 32 256 10 4 1048576 20 4 6
8 24 1 32 256 10 4 5242880 20 4 6
8 24 1 32 256 50 1 1048576 20 4 6
8 24 1 32 256 50 1 5242880 20 4 6
8 24 1 32 256 50 2 1048576 20 4 6
8 24 1 32 256 50 2 5242880 20 4 6
8 24 1 32 256 50 3 1048576 20 4 6
8 24 1 32 256 50 3 5242880 20 4 6
8 24 1 32 256 50 4 1048576 20 4 6
8 24 1 32 256 50 4 5242880 20 4 6
8 24 1 32 256 256 1 1048576 20 4 6
8 24 1 32 256 256 1 5242880 20 4 6
8 24 1 32 256 256 2 1048576 20 4 6
8 24 1 32 256 256 2 5242880 20 4 6
8 24 1 32 256 256 3 1048576 20 4 6
8 24 1 32 256 256 3 5242880 20 4 6
8 24 1 32 256 256 4 1048576 20 4 6
8 24 1 32 256 256 4 5242880 20 4 6
8 24 1 32 1024 10 1 1048576 20 4 6
8 24 1 32 1024 10 1 5242880 20 4 6
8 24 1 32 1024 10 2 1048576 20 4 6
8 24 1 32 1024 10 2 5242880 20 4 6
8 24 1 32 1024 10 3 1048576 20 4 6
8 24 1 32 1024 10 3 5242880 20 4 6
8 24 1 32 1024 10 4 1048576 20 4 6
8 24 1 32 1024 10 4 5242880 20 4 6
8 24 1 32 1024 50 1 1048576 20 4 6
8 24 1 32 1024 50 1 5242880 20 4 6
8 24 1 32 1024 50 2 1048576 20 4 6
8 24 1 32 1024 50 2 5242880 20 4 6
8 24 1 32 1024 50 3 1048576 20 4 6
8 24 1 32 1024 50 3 5242880 20 4 6
8 24 1 32 1024 50 4 1048576 20 4 6
8 24 1 32 1024 50 4 5242880 20 4 6
8 24 1 32 1024 256 1 1048576 20 4 6
8 24 1 32 1024 256 1 5242880 20 4 6
8 24 1 32 1024 256 2 1048576 20 4 6
8 24 1 32 1024 256 2 5242880 20 4 6
8 24 1 32 1024 256 3 1048576 20 4 6
8 24 1 32 1024 256 3 5242880 20 4 6
8 24 1 32 1024 256 4 1048576 20 4 6
8 24 1 32 1024 256 4 5242880 20 4 6
8 24 1 96 256 10 1 1048576 20 4 6
8 24 1 96 256 10 1 5242880 20 4 6
8 24 1 96 256 10 2 1048576 20 4 6
8 24 1 96 256 10 2 5242880 20 4 6
8 24 1 96 256 10 3 1048576 20 4 6
8 24 1 96 256 10 3 5242880 20 4 6
8 24 1 96 256 10 4 1048576 20 4 6
8 24 1 96 256 10 4 5242880 20 4 6
8 24 1 96 256 50 1 1048576 20 4 6
8 24 1 96 256 50 1 5242880 20 4 6
8 24 1 96 256 50 2 1048576 20 4 6
8 24 1 96 256 50 2 5242880 20 4 6
8 24 1 96 256 50 3 1048576 20 4 6
8 24 1 96 256 50 3 5242880 20 4 6
8 24 1 96 256 50 4 1048576 20 4 6
8 24 1 96 256 50 4 5242880 20 4 6
8 24 1 96 256 256 1 1048576 20 4 6
8 24 1 96 256 256 1 5242880 20 4 6
8 24 1 96 256 256 2 1048576 20 4 6
8 24 1 96 256 256 2 5242880 20 4 6
8 24 1 96 256 256 3 1048576 20 4 6
8 24 1 96 256 256 3 5242880 20 4 6
8 24 1 96 256 256 4 1048576 20 4 6
8 24 1 96 256 256 4 5242880 20 4 6
8 24 1 96 1024 10 1 1048576 20 4 6
8 24 1 96 1024 10 1 5242880 20 4 6
8 24 1 96 1024 10 2 1048576 20 4 6
8 24 1 96 1024 10 2 5242880 20 4 6
8 24 1 96 1024 10 3 1048576 20 4 6
8 24 1 96 1024 10 3 5242880 20 4 6
8 24 1 96 1024 10 4 1048576 20 4 6
8 24 1 96 1024 10 4 5242880 20 4 6
8 24 1 96 1024 50 1 1048576 20 4 6
8 24 1 96 1024 50 1 5242880 20 4 6
8 24 1 96 1024 50 2 1048576 20 4 6
8 24 1 96 1024 50 2 5242880 20 4 6
8 24 1 96 1024 50 3 1048576 20 4 6
8 24 1 96 1024 50 3 5242880 20 4 6
8 24 1 96 1024 50 4 1048576 20 4 6
8 24 1 96 1024 50 4 5242880 20 4 6
8 24 1 96 1024 256 1 1048576 20 4 6
8 24 1 96 1024 256 1 5242880 20 4 6
8 24 1 96 1024 256 2 1048576 20 4 6
8 24 1 96 1024 256 2 5242880 20 4 6
8 24 1 96 1024 256 3 1048576 20 4 6
8 24 1 96 1024 256 3 5242880 20 4 6
8 24 1 96 1024 256 4 1048576 20 4 6
8 24 1 96 1024 256 4 5242880 20 4 6
8 24 3 32 256 10 1 1048576 20 4 6
8 24 3 32 256 10 1 5242880 20 4 6
8 24 3 32 256 10 2 1048576 20 4 6
8 24 3 32 256 10 2 5242880 20 4 6
8 24 3 32 256 10 3 1048576 20 4 6
8 24 3 32 256 10 3 5242880 20 4 6
8 24 3 32 256 10 4 1048576 20 4 6
8 24 3 32 256 10 4 5242880 20 4 6
8 24 3 32 256 50 1 1048576 20 4 6
8 24 3 32 256 50 1 5242880 20 4 6
8 24 3 32 256 50 2 1048576 20 4 6
8 24 3 32 256 50 2 5242880 20 4 6
8 24 3 32 256 50 3 1048576 20 4 6
8 24 3 32 256 50 3 5242880 20 4 6
8 24 3 32 256 50 4 1048576 20 4 6
8 24 3 32 256 50 4 5242880 20 4 6
8 24 3 32 256 256 1 1048576 20 4 6
8 24 3 32 256 256 1 5242880 20 4 6
8 24 3 32 256 256 2 1048576 20 4 6
8 24 3 32 256 256 2 5242880 20 4 6
8 24 3 32 256 256 3 1048576 20 4 6
8 24 3 32 256 256 3 5242880 20 4 6
8 24 3 32 256 256 4 1048576 20 4 6
8 24 3 32 256 256 4 5242880 20 4 6
8 24 3 32 1024 10 1 1048576 20 4 6
8 24 3 32 1024 10 1 5242880 20 4 6
8 24 3 32 1024 10 2 1048576 20 4 6
8 24 3 32 1024 10 2 5242880 20 4 6
8 24 3 32 1024 10 3 1048576 20 4 6
8 24 3 32 1024 10 3 5242880 20 4 6
8 24 3 32 1024 10 4 1048576 20 4 6
8 24 3 32 1024 10 4 5242880 20 4 6
8 24 3 32 1024 50 1 1048576 20 4 6
8 24 3 32 1024 50 1 5242880 20 4 6
8 24 3 32 1024 50 2 1048576 20 4 6
8 24 3 32 1024 50 2 5242880 20 4 6
8 24 3 32 1024 50 3 1048576 20 4 6
8 24 3 32 1024 50 3 5242880 20 4 6
8 24 3 32 1024 50 4 1048576 20 4 6
8 24 3 32 1024 50 4 5242880 20 4 6
8 24 3 32 1024 256 1 1048576 20 4 6
8 24 3 32 1024 256 1 5242880 20 4 6
8 24 3 32 1024 256 2 1048576 20 4 6
8 24 3 32 1024 256 2 5242880 20 4 6
8 24 3 32 1024 256 3 1048576 20 4 6
8 24 3 32 1024 256 3 5242880 20 4 6
8 24 3 32 1024 256 4 1048576 20 4 6
8 24 3 32 1024 256 4 5242880 20 4 6
8 24 3 96 256 10 1 1048576 20 4 6
8 24 3 96 256 10 1 5242880 20 4 6
8 24 3 96 256 10 2 1048576 20 4 6
8 24 3 96 256 10 2 5242880 20 4 6
8 24 3 96 256 10 3 1048576 20 4 6
8 24 3 96 256 10 3 5242880 20 4 6
8 24 3 96 256 10 4 1048576 20 4 6
8 24 3 96 256 10 4 5242880 20 4 6
8 24 3 96 256 50 1 1048576 20 4 6
8 24 3 96 256 50 1 5242880 20 4 6
8 24 3 96 256 50 2 1048576 20 4 6
8 24 3 96 256 50 2 5242880 20 4 6
8 24 3 96 256 50 3 1048576 20 4 6
8 24 3 96 256 50 3 5242880 20 4 6
8 24 3 96 256 50 4 1048576 20 4 6
8 24 3 96 256 50 4 5242880 20 4 6
8 24 3 96 256 256 1 1048576 20 4 6
8 24 3 96 256 256 1 5242880 20 4 6
8 24 3 96 256 256 2 1048576 20 4 6
8 24 3 96 256 256 2 5242880 20 4 6
8 24 3 96 256 256 3 1048576 20 4 6
8 24 3 96 256 256 3 5242880 20 4 6
8 24 3 96 256 256 4 1048576 20 4 6
8 24 3 96 256 256 4 5242880 20 4 6
8 24 3 96 1024 10 1 1048576 20 4 6
8 24 3 96 1024 10 1 5242880 20 4 6
8 24 3 96 1024 10 2 1048576 20 4 6
8 24 3 96 1024 10 2 5242880 20 4 6
8 24 3 96 1024 10 3 1048576 20 4 6
8 24 3 96 1024 10 3 5242880 20 4 6
8 24 3 96 1024 10 4 1048576 20 4 6
8 24 3 96 1024 10 4 5242880 20 4 6
8 24 3 96 1024 50 1 1048576 20 4 6
8 24 3 96 1024 50 1 5242880 20 4 6
8 24 3 96 1024 50 2 1048576 20 4 6
8 24 3 96 1024 50 2 5242880 20 4 6
8 24 3 96 1024 50 3 1048576 20 4 6
8 24 3 96 1024 50 3 5242880 20 4 6
8 24 3 96 1024 50 4 1048576 20 4 6
8 24 3 96 1024 50 4 5242880 20 4 6
8 24 3 96 1024 256 1 1048576 20 4 6
8 24 3 96 1024 256 1 5242880 20 4 6
8 24 3 96 1024 256 2 1048576 20 4 6
8 24 3 96 1024 256 2 5242880 20 4 6
8 24 3 96 1024 256 3 1048576 20 4 6
8 24 3 96 1024 256 3 5242880 20 4 6
8 24 3 96 1024 256 4 1048576 20 4 6
8 24 3 96 1024 256 4 5242880 20 4 6
8 24 5 32 256 10 1 1048576 20 4 6
8 24 5 32 256 10 1 5242880 20 4 6
8 24 5 32 256 10 2 1048576 20 4 6
8 24 5 32 256 10 2 5242880 20 4 6
8 24 5 32 256 10 3 1048576 20 4 6
8 24 5 32 256 10 3 5242880 20 4 6
8 24 5 32 256 10 4 1048576 20 4 6
8 24 5 32 256 10 4 5242880 20 4 6
8 24 5 32 256 50 1 1048576 20 4 6
8 24 5 32 256 50 1 5242880 20 4 6
8 24 5 32 256 50 2 1048576 20 4 6
8 24 5 32 256 50 2 5242880 20 4 6
8 24 5 32 256 50 3 1048576 20 4 6
8 24 5 32 256 50 3 5242880 20 4 6
8 24 5 32 256 50 4 1048576 20 4 6
8 24 5 32 256 50 4 5242880 20 4 6
8 24 5 32 256 256 1 1048576 20 4 6
8 24 5 32 256 256 1 5242880 20 4 6
8 24 5 32 256 256 2 1048576 20 4 6
8 24 5 32 256 256 2 5242880 20 4 6
8 24 5 32 256 256 3 1048576 20 4 6
8 24 5 32 256 256 3 5242880 20 4 6
8 24 5 32 256 256 4 1048576 20 4 6
8 24 5 32 256 256 4 5242880 20 4 6
8 24 5 32 1024 10 1 1048576 20 4 6
8 24 5 32 1024 10 1 5242880 20 4 6
8 24 5 32 1024 10 2 1048576 20 4 6
8 24 5 32 1024 10 2 5242880 20 4 6
8 24 5 32 1024 10 3 1048576 20 4 6
8 24 5 32 1024 10 3 5242880 20 4 6
8 24 5 32 1024 10 4 1048576 20 4 6
8 24 5 32 1024 10 4 5242880 20 4 6
8 24 5 32 1024 50 1 1048576 20 4 6
8 24 5 32 1024 50 1 5242880 20 4 6
8 24 5 32 1024 50 2 1048576 20 4 6
8 24 5 32 1024 50 2 5242880 20 4 6
8 24 5 32 1024 50 3 1048576 20 4 6
8 24 5 32 1024 50 3 5242880 20 4 6
8 24 5 32 1024 50 4 1048576 20 4 6
8 24 5 32 1024 50 4 5242880 20 4 6
8 24 5 32 1024 256 1 1048576 20 4 6
8 24 5 32 1024 256 1 5242880 20 4 6
8 24 5 32 1024 256 2 1048576 20 4 6
8 24 5 32 1024 256 2 5242880 20 4 6
8 24 5 32 1024 256 3 1048576 20 4 6
8 24 5 32 1024 256 3 5242880 20 4 6
8 24 5 32 1024 256 4 1048576 20 4 6
8 24 5 32 1024 256 4 5242880 20 4 6
8 24 5 96 256 10 1 1048576 20 4 6
8 24 5 96 256 10 1 5242880 20 4 6
8 24 5 96 256 10 2 1048576 20 4 6
8 24 5 96 256 10 2 5242880 20 4 6
8 24 5 96 256 10 3 1048576 20 4 6
8 24 5 96 256 10 3 5242880 20 4 6
8 24 5 96 256 10 4 1048576 20 4 6
8 24 5 96 256 10 4 5242880 20 4 6
8 24 5 96 256 50 1 1048576 20 4 6
8 24 5 96 256 50 1 5242880 20 4 6
8 24 5 96 256 50 2 1048576 20 4 6
8 24 5 96 256 50 2 5242880 20 4 6
8 24 5 96 256 50 3 1048576 20 4 6
8 24 5 96 256 50 3 5242880 20 4 6
8 24 5 96 256 50 4 1048576 20 4 6
8 24 5 96 256 50 4 5242880 20 4 6
8 24 5 96 256 256 1 1048576 20 4 6
8 24 5 96 256 256 1 5242880 20 4 6
8 24 5 96 256 256 2 1048576 20 4 6
8 24 5 96 256 256 2 5242880 20 4 6
8 24 5 96 256 256 3 1048576 20 4 6
8 24 5 96 256 256 3 5242880 20 4 6
8 24 5 96 256 256 4 1048576 20 4 6
8 24 5 96 256 256 4 5242880 20 4 6
8 24 5 96 1024 10 1 1048576 20 4 6
8 24 5 96 1024 10 1 5242880 20 4 6
8 24 5 96 1024 10 2 1048576 20 4 6
8 24 5 96 1024 10 2 5242880 20 4 6
8 24 5 96 1024 10 3 1048576 20 4 6
8 24 5 96 1024 10 3 5242880 20 4 6
8 24 5 96 1024 10 4 1048576 20 4 6
8 24 5 96 1024 10 4 5242880 20 4 6
8 24 5 96 1024 50 1 1048576 20 4 6
8 24 5 96 1024 50 1 5242880 20 4 6
8 24 5 96 1024 50 2 1048576 20 4 6
8 24 5 96 1024 50 2 5242880 20 4 6
8 24 5 96 1024 50 3 1048576 20 4 6
8 24 5 96 1024 50 3 5242880 20 4 6
8 24 5 96 1024 50 4 1048576 20 4 6
8 24 5 96 1024 50 4 5242880 20 4 6
8 24 5 96 1024 256 1 1048576 20 4 6
8 24 5 96 1024 256 1 5242880 20 4 6
8 24 5 96 1024 256 2 1048576 20 4 6
8 24 5 96 1024 256 2 5242880 20 4 6
8 24 5 96 1024 256 3 1048576 20 4 6
8 24 5 96 1024 256 3 5242880 20 4 6
8 24 5 96 1024 256 4 1048576 20 4 6
8 24 5 96 1024 256 4 5242880 20 4 6
16 8 1 32 256 10 1 1048576 20 4 6
16 8 1 32 256 10 1 5242880 20 4 6
16 8 1 32 256 10 2 1048576 20 4 6
16 8 1 32 256 10 2 5242880 20 4 6
16 8 1 32 256 10 3 1048576 20 4 6
16 8 1 32 256 10 3 5242880 20 4 6
16 8 1 32 256 10 4 1048576 20 4 6
16 8 1 32 256 10 4 5242880 20 4 6
16 8 1 32 256 50 1 1048576 20 4 6
16 8 1 32 256 50 1 5242880 20 4 6
16 8 1 32 256 50 2 1048576 20 4 6
16 8 1 32 256 50 2 5242880 20 4 6
16 8 1 32 256 50 3 1048576 20 4 6
16 8 1 32 256 50 3 5242880 20 4 6
16 8 1 32 256 50 4 1048576 20 4 6
16 8 1 32 256 50 4 5242880 20 4 6
16 8 1 32 256 256 1 1048576 20 4 6
16 8 1 32 256 256 1 5242880 20 4 6
16 8 1 32 256 256 2 1048576 20 4 6
16 8 1 32 256 256 2 5242880 20 4 6
16 8 1 32 256 256 3 1048576 20 4 6
16 8 1 32 256 256 3 5242880 20 4 6
16 8 1 32 256 256 4 1048576 20 4 6
16 8 1 32 256 256 4 5242880 20 4 6
16 8 1 32 1024 10 1 1048576 20 4 6
16 8 1 32 1024 10 1 5242880 20 4 6
16 8 1 32 1024 10 2 1048576 20 4 6
16 8 1 32 1024 10 2 5242880 20 4 6
16 8 1 32 1024 10 3 1048576 20 4 6
16 8 1 32 1024 10 3 5242880 20 4 6
16 8 1 32 1024 10 4 1048576 20 4 6
16 8 1 32 1024 10 4 5242880 20 4 6
16 8 1 32 1024 50 1 1048576 20 4 6
16 8 1 32 1024 50 1 5242880 20 4 6
16 8 1 32 1024 50 2 1048576 20 4 6
16 8 1 32 1024 50 2 5242880 20 4 6
16 8 1 32 1024 50 3 1048576 20 4 6
16 8 1 32 1024 50 3 5242880 20 4 6
16 8 1 32 1024 50 4 1048576 20 4 6
16 8 1 32 1024 50 4 5242880 20 4 6
16 8 1 32 1024 256 1 1048576 20 4 6
16 8 1 32 1024 256 1 5242880 20 4 6
16 8 1 32 1024 256 2 1048576 20 4 6
16 8 1 32 1024 256 2 5242880 20 4 6
16 8 1 32 1024 256 3 1048576 20 4 6
16 8 1 32 1024 256 3 5242880 20 4 6
16 8 1 32 1024 256 4 1048576 20 4 6
16 8 1 32 1024 256 4 5242880 20 4 6
16 8 1 96 256 10 1 1048576 20 4 6
16 8 1 96 256 10 1 5242880 20 4 6
16 8 1 96 256 10 2 1048576 20 4 6
16 8 1 96 256 10 2 5242880 20 4 6
16 8 1 96 256 10 3 1048576 20 4 6
16 8 1 96 256 10 3 5242880 20 4 6
16 8 1 96 256 10 4 1048576 20 4 6
16 8 1 96 256 10 4 5242880 20 4 6
16 8 1 96 256 50 1 1048576 20 4 6
16 8 1 96 256 50 1 5242880 20 4 6
16 8 1 96 256 50 2 1048576 20 4 6
16 8 1 96 256 50 2 5242880 20 4 6
16 8 1 96 256 50 3 1048576 20 4 6
16 8 1 96 256 50 3 5242880 20 4 6
16 8 1 96 256 50 4 1048576 20 4 6
16 8 1 96 256 50 4 5242880 20 4 6
16 8 1 96 256 256 1 1048576 20 4 6
16 8 1 96 256 256 1 5242880 20 4 6
16 8 1 96 256 256 2 1048576 20 4 6
16 8 1 96 256 256 2 5242880 20 4 6
16 8 1 96 256 256 3 1048576 20 4 6
16 8 1 96 256 256 3 5242880 20 4 6
16 8 1 96 256 256 4 1048576 20 4 6
16 8 1 96 256 256 4 5242880 20 4 6
16 8 1 96 1024 10 1 1048576 20 4 6
16 8 1 96 1024 10 1 5242880 20 4 6
16 8 1 96 1024 10 2 1048576 20 4 6
16 8 1 96 1024 10 2 5242880 20 4 6
16 8 1 96 1024 10 3 1048576 20 4 6
16 8 1 96 1024 10 3 5242880 20 4 6
16 8 1 96 1024 10 4 1048576 20 4 6
16 8 1 96 1024 10 4 5242880 20 4 6
16 8 1 96 1024 50 1 1048576 20 4 6
16 8 1 96 1024 50 1 5242880 20 4 6
16 8 1 96 1024 50 2 1048576 20 4 6
16 8 1 96 1024 50 2 5242880 20 4 6
16 8 1 96 1024 50 3 1048576 20 4 6
16 8 1 96 1024 50 3 5242880 20 4 6
16 8 1 96 1024 50 4 1048576 20 4 6
16 8 1 96 1024 50 4 5242880 20 4 6
16 8 1 96 1024 256 1 1048576 20 4 6
16 8 1 96 1024 256 1 5242880 20 4 6
16 8 1 96 1024 256 2 1048576 20 4 6
16 8 1 96 1024 256 2 5242880 20 4 6
16 8 1 96 1024 256 3 1048576 20 4 6
16 8 1 96 1024 256 3 5242880 20 4 6
16 8 1 96 1024 256 4 1048576 20 4 6
16 8 1 96 1024 256 4 5242880 20 4 6
16 8 3 32 256 10 1 1048576 20 4 6
16 8 3 32 256 10 1 5242880 20 4 6
16 8 3 32 256 10 2 1048576 20 4 6
16 8 3 32 256 10 2 5242880 20 4 6
16 8 3 32 256 10 3 1048576 20 4 6
16 8 3 32 256 10 3 5242880 20 4 6
16 8 3 32 256 10 4 1048576 20 4 6
16 8 3 32 256 10 4 5242880 20 4 6
16 8 3 32 256 50 1 1048576 20 4 6
16 8 3 32 256 50 1 5242880 20 4 6
16 8 3 32 256 50 2 1048576 20 4 6
16 8 3 32 256 50 2 5242880 20 4 6
16 8 3 32 256 50 3 1048576 20 4 6
16 8 3 32 256 50 3 5242880 20 4 6
16 8 3 32 256 50 4 1048576 20 4 6
16 8 3 32 256 50 4 5242880 20 4 6
16 8 3 32 256 256 1 1048576 20 4 6
16 8 3 32 256 256 1 5242880 20 4 6
16 8 3 32 256 256 2 1048576 20 4 6
16 8 3 32 256 256 2 5242880 20 4 6
16 8 3 32 256 256 3 1048576 20 4 6
16 8 3 32 256 256 3 5242880 20 4 6
16 8 3 32 256 256 4 1048576 20 4 6
16 8 3 32 256 256 4 5242880 20 4 6
16 8 3 32 1024 10 1 1048576 20 4 6
16 8 3 32 1024 10 1 5242880 20 4 6
16 8 3 32 1024 10 2 1048576 20 4 6
16 8 3 32 1024 10 2 5242880 20 4 6
16 8 3 32 1024 10 3 1048576 20 4 6
16 8 3 32 1024 10 3 5242880 20 4 6
16 8 3 32 1024 10 4 1048576 20 4 6
16 8 3 32 1024 10 4 5242880 20 4 6
16 8 3 32 1024 50 1 1048576 20 4 6
16 8 3 32 1024 50 1 5242880 20 4 6
16 8 3 32 1024 50 2 1048576 20 4 6
16 8 3 32 1024 50 2 5242880 20 4 6
16 8 3 32 1024 50 3 1048576 20 4 6
16 8 3 32 1024 50 3 5242880 20 4 6
16 8 3 32 1024 50 4 1048576 20 4 6
16 8 3 32 1024 50 4 5242880 20 4 6
16 8 3 32 1024 256 1 1048576 20 4 6
16 8 3 32 1024 256 1 5242880 20 4 6
16 8 3 32 1024 256 2 1048576 20 4 6
16 8 3 32 1024 256 2 5242880 20 4 6
16 8 3 32 1024 256 3 1048576 20 4 6
16 8 3 32 1024 256 3 5242880 20 4 6
16 8 3 32 1024 256 4 1048576 20 4 6
16 8 3 32 1024 256 4 5242880 20 4 6
16 8 3 96 256 10 1 1048576 20 4 6
16 8 3 96 256 10 1 5242880 20 4 6
16 8 3 96 256 10 2 1048576 20 4 6
16 8 3 96 256 10 2 5242880 20 4 6
16 8 3 96 256 10 3 1048576 20 4 6
16 8 3 96 256 10 3 5242880 20 4 6
16 8 3 96 256 10 4 1048576 20 4 6
16 8 3 96 256 10 4 5242880 20 4 6
16 8 3 96 256 50 1 1048576 20 4 6
16 8 3 96 256 50 1 5242880 20 4 6
16 8 3 96 256 50 2 1048576 20 4 6
16 8 3 96 256 50 2 5242880 20 4 6
16 8 3 96 256 50 3 1048576 20 4 6
16 8 3 96 256 50 3 5242880 20 4 6
16 8 3 96 256 50 4 1048576 20 4 6
16 8 3 96 256 50 4 5242880 20 4 6
16 8 3 96 256 256 1 1048576 20 4 6
16 8 3 96 256 256 1 5242880 20 4 6
16 8 3 96 256 256 2 1048576 20 4 6
16 8 3 96 256 256 2 5242880 20 4 6
16 8 3 96 256 256 3 1048576 20 4 6
16 8 3 96 256 256 3 5242880 20 4 6
16 8 3 96 256 256 4 1048576 20 4 6
16 8 3 96 256 256 4 5242880 20 4 6
16 8 3 96 1024 10 1 1048576 20 4 6
16 8 3 96 1024 10 1 5242880 20 4 6
16 8 3 96 1024 10 2 1048576 20 4 6
16 8 3 96 1024 10 2 5242880 20 4 6
16 8 3 96 1024 10 3 1048576 20 4 6
16 8 3 96 1024 10 3 5242880 20 4 6
16 8 3 96 1024 10 4 1048576 20 4 6
16 8 3 96 1024 10 4 5242880 20 4 6
16 8 3 96 1024 50 1 1048576 20 4 6
16 8 3 96 1024 50 1 5242880 20 4 6
16 8 3 96 1024 50 2 1048576 20 4 6
16 8 3 96 1024 50 2 5242880 20 4 6
16 8 3 96 1024 50 3 1048576 20 4 6
16 8 3 96 1024 50 3 5242880 20 4 6
16 8 3 96 1024 50 4 1048576 20 4 6
16 8 3 96 1024 50 4 5242880 20 4 6
16 8 3 96 1024 256 1 1048576 20 4 6
16 8 3 96 1024 256 1 5242880 20 4 6
16 8 3 96 1024 256 2 1048576 20 4 6
16 8 3 96 1024 256 2 5242880 20 4 6
16 8 3 96 1024 256 3 1048576 20 4 6
16 8 3 96 1024 256 3 5242880 20 4 6
16 8 3 96 1024 256 4 1048576 20 4 6
16 8 3 96 1024 256 4 5242880 20 4 6
16 8 5 32 256 10 1 1048576 20 4 6
16 8 5 32 256 10 1 5242880 20 4 6
16 8 5 32 256 10 2 1048576 20 4 6
16 8 5 32 256 10 2 5242880 20 4 6
16 8 5 32 256 10 3 1048576 20 4 6
16 8 5 32 256 10 3 5242880 20 4 6
16 8 5 32 256 10 4 1048576 20 4 6
16 8 5 32 256 10 4 5242880 20 4 6
16 8 5 32 256 50 1 1048576 20 4 6
16 8 5 32 256 50 1 5242880 20 4 6
16 8 5 32 256 50 2 1048576 20 4 6
16 8 5 32 256 50 2 5242880 20 4 6
16 8 5 32 256 50 3 1048576 20 4 6
16 8 5 32 256 50 3 5242880 20 4 6
16 8 5 32 256 50 4 1048576 20 4 6
16 8 5 32 256 50 4 5242880 20 4 6
16 8 5 32 256 256 1 1048576 20 4 6
16 8 5 32 256 256 1 5242880 20 4 6
16 8 5 32 256 256 2 1048576 20 4 6
16 8 5 32 256 256 2 5242880 20 4 6
16 8 5 32 256 256 3 1048576 20 4 6
16 8 5 32 256 256 3 5242880 20 4 6
16 8 5 32 256 256 4 1048576 20 4 6
16 8 5 32 256 256 4 5242880 20 4 6
16 8 5 32 1024 10 1 1048576 20 4 6
16 8 5 32 1024 10 1 5242880 20 4 6
16 8 5 32 1024 10 2 1048576 20 4 6
16 8 5 32 1024 10 2 5242880 20 4 6
16 8 5 32 1024 10 3 1048576 20 4 6
16 8 5 32 1024 10 3 5242880 20 4 6
16 8 5 32 1024 10 4 1048576 20 4 6
16 8 5 32 1024 10 4 5242880 20 4 6
16 8 5 32 1024 50 1 1048576 20 4 6
16 8 5 32 1024 50 1 5242880 20 4 6
16 8 5 32 1024 50 2 1048576 20 4 6
16 8 5 32 1024 50 2 5242880 20 4 6
16 8 5 32 1024 50 3 1048576 20 4 6
16 8 5 32 1024 50 3 5242880 20 4 6
16 8 5 32 1024 50 4 1048576 20 4 6
16 8 5 32 1024 50 4 5242880 20 4 6
16 8 5 32 1024 256 1 1048576 20 4 6
16 8 5 32 1024 256 1 5242880 20 4 6
16 8 5 32 1024 256 2 1048576 20 4 6
16 8 5 32 1024 256 2 5242880 20 4 6
16 8 5 32 1024 256 3 1048576 20 4 6
16 8 5 32 1024 256 3 5242880 20 4 6
16 8 5 32 1024 256 4 1048576 20 4 6
16 8 5 32 1024 256 4 5242880 20 4 6
16 8 5 96 256 10 1 1048576 20 4 6
16 8 5 96 256 10 1 5242880 20 4 6
16 8 5 96 256 10 2 1048576 20 4 6
16 8 5 96 256 10 2 5242880 20 4 6
16 8 5 96 256 10 3 1048576 20 4 6
16 8 5 96 256 10 3 5242880 20 4 6
16 8 5 96 256 10 4 1048576 20 4 6
16 8 5 96 256 10 4 5242880 20 4 6
16 8 5 96 256 50 1 1048576 20 4 6
16 8 5 96 256 50 1 5242880 20 4 6
16 8 5 96 256 50 2 1048576 20 4 6
16 8 5 96 256 50 2 5242880 20 4 6
16 8 5 96 256 50 3 1048576 20 4 6
16 8 5 96 256 50 3 5242880 20 4 6
16 8 5 96 256 50 4 1048576 20 4 6
16 8 5 96 256 50 4 5242880 20 4 6
16 8 5 96 256 256 1 1048576 20 4 6
16 8 5 96 256 256 1 5242880 20 4 6
16 8 5 96 256 256 2 1048576 20 4 6
16 8 5 96 256 256 2 5242880 20 4 6
16 8 5 96 256 256 3 1048576 20 4 6
16 8 5 96 256 256 3 5242880 20 4 6
16 8 5 96 256 256 4 1048576 20 4 6
16 8 5 96 256 256 4 5242880 20 4 6
16 8 5 96 1024 10 1 1048576 20 4 6
16 8 5 96 1024 10 1 5242880 20 4 6
16 8 5 96 1024 10 2 1048576 20 4 6
16 8 5 96 1024 10 2 5242880 20 4 6
16 8 5 96 1024 10 3 1048576 20 4 6
16 8 5 96 1024 10 3 5242880 20 4 6
16 8 5 96 1024 10 4 1048576 20 4 6
16 8 5 96 1024 10 4 5242880 20 4 6
16 8 5 96 1024 50 1 1048576 20 4 6
16 8 5 96 1024 50 1 5242880 20 4 6
16 8 5 96 1024 50 2 1048576 20 4 6
16 8 5 96 1024 50 2 5242880 20 4 6
16 8 5 96 1024 50 3 1048576 20 4 6
16 8 5 96 1024 50 3 5242880 20 4 6
16 8 5 96 1024 50 4 1048576 20 4 6
16 8 5 96 1024 50 4 5242880 20 4 6
16 8 5 96 1024 256 1 1048576 20 4 6
16 8 5 96 1024 256 1 5242880 20 4 6
16 8 5 96 1024 256 2 1048576 20 4 6
16 8 5 96 1024 256 2 5242880 20 4 6
16 8 5 96 1024 256 3 1048576 20 4 6
16 8 5 96 1024 256 3 5242880 20 4 6
16 8 5 96 1024 256 4 1048576 20 4 6
16 8 5 96 1024 256 4 5242880 20 4 6
16 24 1 32 256 10 1 1048576 20 4 6
16 24 1 32 256 10 1 5242880 20 4 6
16 24 1 32 256 10 2 1048576 20 4 6
16 24 1 32 256 10 2 5242880 20 4 6
16 24 1 32 256 10 3 1048576 20 4 6
16 24 1 32 256 10 3 5242880 20 4 6
16 24 1 32 256 10 4 1048576 20 4 6
16 24 1 32 256 10 4 5242880 20 4 6
16 24 1 32 256 50 1 1048576 20 4 6
16 24 1 32 256 50 1 5242880 20 4 6
16 24 1 32 256 50 2 1048576 20 4 6
16 24 1 32 256 50 2 5242880 20 4 6
16 24 1 32 256 50 3 1048576 20 4 6
16 24 1 32 256 50 3 5242880 20 4 6
16 24 1 32 256 50 4 1048576 20 4 6
16 24 1 32 256 50 4 5242880 20 4 6
16 24 1 32 256 256 1 1048576 20 4 6
16 24 1 32 256 256 1 5242880 20 4 6
16 24 1 32 256 256 2 1048576 20 4 6
16 24 1 32 256 256 2 5242880 20 4 6
16 24 1 32 256 256 3 1048576 20 4 6
16 24 1 32 256 256 3 5242880 20 4 6
16 24 1 32 256 256 4 1048576 20 4 6
16 24 1 32 256 256 4 5242880 20 4 6
16 24 1 32 1024 10 1 1048576 20 4 6
16 24 1 32 1024 10 1 5242880 20 4 6
16 24 1 32 1024 10 2 1048576 20 4 6
16 24 1 32 1024 10 2 5242880 20 4 6
16 24 1 32 1024 10 3 1048576 20 4 6
16 24 1 32 1024 10 3 5242880 20 4 6
16 24 1 32 1024 10 4 1048576 20 4 6
16 24 1 32 1024 10 4 5242880 20 4 6
16 24 1 32 1024 50 1 1048576 20 4 6
16 24 1 32 1024 50 1 5242880 20 4 6
16 24 1 32 1024 50 2 1048576 20 4 6
16 24 1 32 1024 50 2 5242880 20 4 6
16 24 1 32 1024 50 3 1048576 20 4 6
16 24 1 32 1024 50 3 5242880 20 4 6
16 24 1 32 1024 50 4 1048576 20 4 6
16 24 1 32 1024 50 4 5242880 20 4 6
16 24 1 32 1024 256 1 1048576 20 4 6
16 24 1 32 1024 256 1 5242880 20 4 6
16 24 1 32 1024 256 2 1048576 20 4 6
16 24 1 32 1024 256 2 5242880 20 4 6
16 24 1 32 1024 256 3 1048576 20 4 6
16 24 1 32 1024 256 3 5242880 20 4 6
16 24 1 32 1024 256 4 1048576 20 4 6
16 24 1 32 1024 256 4 5242880 20 4 6
16 24 1 96 256 10 1 1048576 20 4 6
16 24 1 96 256 10 1 5242880 20 4 6
16 24 1 96 256 10 2 1048576 20 4 6
16 24 1 96 256 10 2 5242880 20 4 6
16 24 1 96 256 10 3 1048576 20 4 6
16 24 1 96 256 10 3 5242880 20 4 6
16 24 1 96 256 10 4 1048576 20 4 6
16 24 1 96 256 10 4 5242880 20 4 6
16 24 1 96 256 50 1 1048576 20 4 6
16 24 1 96 256 50 1 5242880 20 4 6
16 24 1 96 256 50 2 1048576 20 4 6
16 24 1 96 256 50 2 5242880 20 4 6
16 24 1 96 256 50 3 1048576 20 4 6
16 24 1 96 256 50 3 5242880 20 4 6
16 24 1 96 256 50 4 1048576 20 4 6
16 24 1 96 256 50 4 5242880 20 4 6
16 24 1 96 256 256 1 1048576 20 4 6
16 24 1 96 256 256 1 5242880 20 4 6
16 24 1 96 256 256 2 1048576 20 4 6
16 24 1 96 256 256 2 5242880 20 4 6
16 24 1 96 256 256 3 1048576 20 4 6
16 24 1 96 256 256 3 5242880 20 4 6
16 24 1 96 256 256 4 1048576 20 4 6
16 24 1 96 256 256 4 5242880 20 4 6
16 24 1 96 1024 10 1 1048576 20 4 6
16 24 1 96 1024 10 1 5242880 20 4 6
16 24 1 96 1024 10 2 1048576 20 4 6
16 24 1 96 1024 10 2 5242880 20 4 6
16 24 1 96 1024 10 3 1048576 20 4 6
16 24 1 96 1024 10 3 5242880 20 4 6
16 24 1 96 1024 10 4 1048576 20 4 6
16 24 1 96 1024 10 4 5242880 20 4 6
16 24 1 96 1024 50 1 1048576 20 4 6
16 24 1 96 1024 50 1 5242880 20 4 6
16 24 1 96 1024 50 2 1048576 20 4 6
16 24 1 96 1024 50 2 5242880 20 4 6
16 24 1 96 1024 50 3 1048576 20 4 6
16 24 1 96 1024 50 3 5242880 20 4 6
16 24 1 96 1024 50 4 1048576 20 4 6
16 24 1 96 1024 50 4 5242880 20 4 6
16 24 1 96 1024 256 1 1048576 20 4 6
16 24 1 96 1024 256 1 5242880 20 4 6
16 24 1 96 1024 256 2 1048576 20 4 6
16 24 1 96 1024 256 2 5242880 20 4 6
16 24 1 96 1024 256 3 1048576 20 4 6
16 24 1 96 1024 256 3 5242880 20 4 6
16 24 1 96 1024 256 4 1048576 20 4 6
16 24 1 96 1024 256 4 5242880 20 4 6
16 24 3 32 256 10 1 1048576 20 4 6
16 24 3 32 256 10 1 5242880 20 4 6
16 24 3 32 256 10 2 1048576 20 4 6
16 24 3 32 256 10 2 5242880 20 4 6
16 24 3 32 256 10 3 1048576 20 4 6
16 24 3 32 256 10 3 5242880 20 4 6
16 24 3 32 256 10 4 1048576 20 4 6
16 24 3 32 256 10 4 5242880 20 4 6
16 24 3 32 256 50 1 1048576 20 4 6
16 24 3 32 256 50 1 5242880 20 4 6
16 24 3 32 256 50 2 1048576 20 4 6
16 24 3 32 256 50 2 5242880 20 4 6
16 24 3 32 256 50 3 1048576 20 4 6
16 24 3 32 256 50 3 5242880 20 4 6
16 24 3 32 256 50 4 1048576 20 4 6
16 24 3 32 256 50 4 5242880 20 4 6
16 24 3 32 256 256 1 1048576 20 4 6
16 24 3 32 256 256 1 5242880 20 4 6
16 24 3 32 256 256 2 1048576 20 4 6
16 24 3 32 256 256 2 5242880 20 4 6
16 24 3 32 256 256 3 1048576 20 4 6
16 24 3 32 256 256 3 5242880 20 4 6
16 24 3 32 256 256 4 1048576 20 4 6
16 24 3 32 256 256 4 5242880 20 4 6
16 24 3 32 1024 10 1 1048576 20 4 6
16 24 3 32 1024 10 1 5242880 20 4 6
16 24 3 32 1024 10 2 1048576 20 4 6
16 24 3 32 1024 10 2 5242880 20 4 6
16 24 3 32 1024 10 3 1048576 20 4 6
16 24 3 32 1024 10 3 5242880 20 4 6
16 24 3 32 1024 10 4 1048576 20 4 6
16 24 3 32 1024 10 4 5242880 20 4 6
16 24 3 32 1024 50 1 1048576 20 4 6
16 24 3 32 1024 50 1 5242880 20 4 6
16 24 3 32 1024 50 2 1048576 20 4 6
16 24 3 32 1024 50 2 5242880 20 4 6
16 24 3 32 1024 50 3 1048576 20 4 6
16 24 3 32 1024 50 3 5242880 20 4 6
16 24 3 32 1024 50 4 1048576 20 4 6
16 24 3 32 1024 50 4 5242880 20 4 6
16 24 3 32 1024 256 1 1048576 20 4 6
16 24 3 32 1024 256 1 5242880 20 4 6
16 24 3 32 1024 256 2 1048576 20 4 6
16 24 3 32 1024 256 2 5242880 20 4 6
16 24 3 32 1024 256 3 1048576 20 4 6
16 24 3 32 1024 256 3 5242880 20 4 6
16 24 3 32 1024 256 4 1048576 20 4 6
16 24 3 32 1024 256 4 5242880 20 4 6
16 24 3 96 256 10 1 1048576 20 4 6
16 24 3 96 256 10 1 5242880 20 4 6
16 24 3 96 256 10 2 1048576 20 4 6
16 24 3 96 256 10 2 5242880 20 4 6
16 24 3 96 256 10 3 1048576 20 4 6
16 24 3 96 256 10 3 5242880 20 4 6
16 24 3 96 256 10 4 1048576 20 4 6
16 24 3 96 256 10 4 5242880 20 4 6
16 24 3 96 256 50 1 1048576 20 4 6
16 24 3 96 256 50 1 5242880 20 4 6
16 24 3 96 256 50 2 1048576 20 4 6
16 24 3 96 256 50 2 5242880 20 4 6
16 24 3 96 256 50 3 1048576 20 4 6
16 24 3 96 256 50 3 5242880 20 4 6
16 24 3 96 256 50 4 1048576 20 4 6
16 24 3 96 256 50 4 5242880 20 4 6
16 24 3 96 256 256 1 1048576 20 4 6
16 24 3 96 256 256 1 5242880 20 4 6
16 24 3 96 256 256 2 1048576 20 4 6
16 24 3 96 256 256 2 5242880 20 4 6
16 24 3 96 256 256 3 1048576 20 4 6
16 24 3 96 256 256 3 5242880 20 4 6
16 24 3 96 256 256 4 1048576 20 4 6
16 24 3 96 256 256 4 5242880 20 4 6
16 24 3 96 1024 10 1 1048576 20 4 6
16 24 3 96 1024 10 1 5242880 20 4 6
16 24 3 96 1024 10 2 1048576 20 4 6
16 24 3 96 1024 10 2 5242880 20 4 6
16 24 3 96 1024 10 3 1048576 20 4 6
16 24 3 96 1024 10 3 5242880 20 4 6
16 24 3 96 1024 10 4 1048576 20 4 6
16 24 3 96 1024 10 4 5242880 20 4 6
16 24 3 96 1024 50 1 1048576 20 4 6
16 24 3 96 1024 50 1 5242880 20 4 6
16 24 3 96 1024 50 2 1048576 20 4 6
16 24 3 96 1024 50 2 5242880 20 4 6
16 24 3 96 1024 50 3 1048576 20 4 6
16 24 3 96 1024 50 3 5242880 20 4 6
16 24 3 96 1024 50 4 1048576 20 4 6
16 24 3 96 1024 50 4 5242880 20 4 6
16 24 3 96 1024 256 1 1048576 20 4 6
16 24 3 96 1024 256 1 5242880 20 4 6
16 24 3 96 1024 256 2 1048576 20 4 6
16 24 3 96 1024 256 2 5242880 20 4 6
16 24 3 96 1024 256 3 1048576 20 4 6
16 24 3 96 1024 256 3 5242880 20 4 6
16 24 3 96 1024 256 4 1048576 20 4 6
16 24 3 96 1024 256 4 5242880 20 4 6
16 24 5 32 256 10 1 1048576 20 4 6
16 24 5 32 256 10 1 5242880 20 4 6
16 24 5 32 256 10 2 1048576 20 4 6
16 24 5 32 256 10 2 5242880 20 4 6
16 24 5 32 256 10 3 1048576 20 4 6
16 24 5 32 256 10 3 5242880 20 4 6
16 24 5 32 256 10 4 1048576 20 4 6
16 24 5 32 256 10 4 5242880 20 4 6
16 24 5 32 256 50 1 1048576 20 4 6
16 24 5 32 256 50 1 5242880 20 4 6
16 24 5 32 256 50 2 1048576 20 4 6
16 24 5 32 256 50 2 5242880 20 4 6
16 24 5 32 256 50 3 1048576 20 4 6
16 24 5 32 256 50 3 5242880 20 4 6
16 24 5 32 256 50 4 1048576 20 4 6
16 24 5 32 256 50 4 5242880 20 4 6
16 24 5 32 256 256 1 1048576 20 4 6
16 24 5 32 256 256 1 5242880 20 4 6
16 24 5 32 256 256 2 1048576 20 4 6
16 24 5 32 256 256 2 5242880 20 4 6
16 24 5 32 256 256 3 1048576 20 4 6
16 24 5 32 256 256 3 5242880 20 4 6
16 24 5 32 256 256 4 1048576 20 4 6
16 24 5 32 256 256 4 5242880 20 4 6
16 24 5 32 1024 10 1 1048576 20 4 6
16 24 5 32 1024 10 1 5242880 20 4 6
16 24 5 32 1024 10 2 1048576 20 4 6
16 24 5 32 1024 10 2 5242880 20 4 6
16 24 5 32 1024 10 3 1048576 20 4 6
16 24 5 32 1024 10 3 5242880 20 4 6
16 24 5 32 1024 10 4 1048576 20 4 6
16 24 5 32 1024 10 4 5242880 20 4 6
16 24 5 32 1024 50 1 1048576 20 4 6
16 24 5 32 1024 50 1 5242880 20 4 6
16 24 5 32 1024 50 2 1048576 20 4 6
16 24 5 32 1024 50 2 5242880 20 4 6
16 24 5 32 1024 50 3 1048576 20 4 6
16 24 5 32 1024 50 3 5242880 20 4 6
16 24 5 32 1024 50 4 1048576 20 4 6
16 24 5 32 1024 50 4 5242880 20 4 6
16 24 5 32 1024 256 1 1048576 20 4 6
16 24 5 32 1024 256 1 5242880 20 4 6
16 24 5 32 1024 256 2 1048576 20 4 6
16 24 5 32 1024 256 2 5242880 20 4 6
16 24 5 32 1024 256 3 1048576 20 4 6
16 24 5 32 1024 256 3 5242880 20 4 6
16 24 5 32 1024 256 4 1048576 20 4 6
16 24 5 32 1024 256 4 5242880 20 4 6
16 24 5 96 256 10 1 1048576 20 4 6
16 24 5 96 256 10 1 5242880 20 4 6
16 24 5 96 256 10 2 1048576 20 4 6
16 24 5 96 256 10 2 5242880 20 4 6
16 24 5 96 256 10 3 1048576 20 4 6
16 24 5 96 256 10 3 5242880 20 4 6
16 24 5 96 256 10 4 1048576 20 4 6
16 24 5 96 256 10 4 5242880 20 4 6
16 24 5 96 256 50 1 1048576 20 4 6
16 24 5 96 256 50 1 5242880 20 4 6
16 24 5 96 256 50 2 1048576 20 4 6
16 24 5 96 256 50 2 5242880 20 4 6
16 24 5 96 256 50 3 1048576 20 4 6
16 24 5 96 256 50 3 5242880 20 4 6
16 24 5 96 256 50 4 1048576 20 4 6
16 24 5 96 256 50 4 5242880 20 4 6
16 24 5 96 256 256 1 1048576 20 4 6
16 24 5 96 256 256 1 5242880 20 4 6
16 24 5 96 256 256 2 1048576 20 4 6
16 24 5 96 256 256 2 5242880 20 4 6
16 24 5 96 256 256 3 1048576 20 4 6
16 24 5 96 256 256 3 5242880 20 4 6
16 24 5 96 256 256 4 1048576 20 4 6
16 24 5 96 256 256 4 5242880 20 4 6
16 24 5 96 1024 10 1 1048576 20 4 6
16 24 5 96 1024 10 1 5242880 20 4 6
16 24 5 96 1024 10 2 1048576 20 4 6
16 24 5 96 1024 10 2 5242880 20 4 6
16 24 5 96 1024 10 3 1048576 20 4 6
16 24 5 96 1024 10 3 5242880 20 4 6
16 24 5 96 1024 10 4 1048576 20 4 6
16 24 5 96 1024 10 4 5242880 20 4 6
16 24 5 96 1024 50 1 1048576 20 4 6
16 24 5 96 1024 50 1 5242880 20 4 6
16 24 5 96 1024 50 2 1048576 20 4 6
16 24 5 96 1024 50 2 5242880 20 4 6
16 24 5 96 1024 50 3 1048576 20 4 6
16 24 5 96 1024 50 3 5242880 20 4 6
16 24 5 96 1024 50 4 1048576 20 4 6
16 24 5 96 1024 50 4 5242880 20 4 6
16 24 5 96 1024 256 1 1048576 20 4 6
16 24 5 96 1024 256 1 5242880 20 4 6
16 24 5 96 1024 256 2 1048576 20 4 6
16 24 5 96 1024 256 2 5242880 20 4 6
16 24 5 96 1024 256 3 1048576 20 4 6
16 24 5 96 1024 256 3 5242880 20 4 6
16 24 5 96 1024 256 4 1048576 20 4 6
16 24 5 96 1024 256 4 5242880 20 4 6
